6258 74 3856
6259 375 17713
6260 28 1624
6262 215 10458
6263 69 3521
6263 69 3524
6264 31 1422
6264 31 1429
6264 593 34874
6264 593 34912
6276 670 36998
5591 129 3524
5605 257 1657
5605 360 2224
5799 177 1235
6261 351 16218
6261 351 16219
6262 195 9478
6262 226 11010
6264 711 41656
6276 99 5611
5565 122 3424
6265 7 381
5594 72 1997
6263 79 4027
6263 256 12456
6264 75 3620
6264 377 22027
6264 377 22028
6264 701 41072
6275 81 4849
6276 363 19993
6259 158 7415
6263 686 33822
6264 704 41250
6273 112 7189
6276 552 30482
6262 19 910
6262 238 11578
6264 806 47310
6264 806 47324
6276 91 5167
6260 21 1292
6261 61 2762
6262 156 7585
6263 3 107
6263 417 20346
6264 61 2907
6275 179 10643
6276 105 5933
6277 71 3679
6259 163 7659
6262 98 4790
6263 718 35364
6264 339 19748
6264 926 54484
6274 80 4442
6274 140 7936
6259 69 3238
6259 255 12121
6259 413 19441
6260 138 6921
6262 48 2282
6264 597 35134
6275 144 8361
6276 160 9017
6276 196 10955
6258 67 3524
6259 99 4628
6263 13 687
6264 579 34154
6264 579 34156
6264 579 34159
6264 703 41201
6276 673 37157
6258 186 9174
6261 59 2676
6261 62 2806
6262 181 8784
6262 181 8794
6262 181 8796
6263 262 12754
6264 623 36696
6264 800 46976
6275 75 4535
5797 16 112
6263 553 27411
6264 382 22330
6264 483 28512
6276 275 15264
6276 416 22958
6258 81 4176
6259 446 20978
6260 113 5771
6261 193 8857
6263 547 27112
6263 734 36145
6263 774 38169
6276 397 21883
6276 649 35785
6262 164 7963
6262 164 7966
6263 88 4485
6265 184 10453
6265 218 12614
6259 11 514
6264 476 28076
6264 476 28090
6264 539 31853
6264 901 52925
6276 685 37862
6258 6 441
6259 271 12878
6259 432 20306
6259 534 25040
6259 534 25053
6261 293 13451
6262 133 6520
6263 401 19612
6264 666 39327
6277 53 2802
6263 518 25560
6263 518 25571
6264 595 35034
6274 180 10358
6275 237 14028
5597 322 8795
6261 65 2957
6261 145 6641
6264 139 7362
6264 139 7365
6264 402 23584
6264 470 27742
6265 153 8160
6276 214 11890
6276 513 28370
5799 156 1069
6264 158 8595
6264 158 8614
6264 600 35325
6273 92 5790
6273 92 5831
6274 127 7162
6276 185 10376
6276 185 10391
5566 92 2486
6263 484 23834
6264 105 5149
6264 616 36230
6264 616 36236
6275 210 12474
5597 298 8123
6263 486 23944
6263 810 39908
6264 426 25064
6264 426 25072
6259 149 6970
6260 168 8323
6264 212 12036
6274 125 7017
5796 24 161
6261 20 899
6263 16 839
6263 16 840
6263 588 29133
6264 641 37736
6275 243 14368
6260 120 6089
6261 3 99
6261 3 104
6262 208 10145
6264 56 2668
6264 293 16908
6264 293 16922
6264 846 49729
6274 5 312
6276 647 35677
6261 312 14439
6262 222 10834
6263 182 8745
6276 409 22583
6276 538 29736
6276 538 29741
5799 187 1294
6259 23 1041
6262 115 5596
6264 499 29405
6264 499 29407
6274 148 8446
6275 26 1680
6262 176 8558
6264 47 2206
6264 254 14583
6264 254 14599
6264 333 19409
6264 370 21586
6265 1 26
6275 232 13712
6276 76 4298
6276 284 15763
6258 13 916
6265 21 1275
6259 97 4523
6261 375 17355
6263 395 19312
6264 210 11876
6264 210 11883
6264 393 23008
6274 30 1748
5583 72 1992
6258 200 9844
6263 689 34008
6264 364 21180
6264 364 21185
6276 418 23077
6276 418 23079
5596 282 7964
6261 158 7272
6264 771 45265
6264 771 45278
6264 833 48912
5565 87 2430
5573 115 3383
6258 123 6217
6264 655 38641
6264 742 43528
6264 777 45638
6273 91 5699
6276 745 41066
6258 144 7140
6262 66 3154
6263 435 21365
6263 435 21368
6263 580 28717
6263 729 35908
6263 729 35918
6264 179 9874
6275 135 7836
6276 728 40040
6259 122 5740
6259 310 14706
6264 255 14672
6265 46 2828
6274 40 2311
6276 157 8864
5587 58 1532
6258 77 3968
6274 169 9701
6276 638 35156
5896 220 588
5987 99 423
6262 219 10668
6263 95 4823
6264 912 53605
6264 912 53613
6275 105 6116
6276 220 12232
6276 704 38928
6262 60 2899
6265 125 6447
6259 58 2721
6259 244 11586
6262 121 5913
6263 796 39274
6264 906 53270
6261 180 8284
6263 332 16337
6264 824 48365
6264 894 52523
6264 894 52524
6276 502 27777
6276 744 40992
6276 744 40995
6276 744 41002
6261 167 7681
6262 182 8844
6262 182 8846
6264 447 26357
6264 602 35443
6264 706 41365
6274 22 1272
6277 64 3380
5583 22 625
6259 436 20501
6260 97 5004
6263 693 34183
6265 164 8970
6274 74 4081
6276 332 18307
5799 179 1243
6261 161 7409
6262 201 9807
6263 443 21759
6264 667 39371
6264 667 39392
6264 815 47806
6274 161 9257
5573 78 2435
5591 146 3991
5599 13 451
5601 87 2612
6259 267 12670
6261 205 9397
6261 248 11318
6263 823 40605
6265 180 10143
6259 113 5299
6260 12 853
6276 599 32865
6262 120 5838
6263 781 38555
6264 229 13019
6264 571 33709
6265 176 9833
6276 404 22307
6276 425 23476
6259 494 23299
6263 200 9670
6264 198 11107
6264 198 11128
6264 646 38054
6273 70 3863
6275 140 8143
6275 184 10906
6276 718 39541
6276 718 39568
6264 268 15393
6273 51 2617
6276 308 17090
6259 100 4682
6274 25 1436
6276 546 30141
6259 513 24203
6261 282 12899
6274 178 10256
6275 168 9981
5586 1 9
5791 4 23
6261 253 11538
6264 840 49350
6264 869 51159
6264 904 53124
6259 521 24521
6261 58 2631
6262 7 317
6264 200 11228
6264 200 11249
6264 759 44588
6264 932 54855
6264 932 54873
6276 615 33848
6277 88 4461
6261 275 12566
6264 604 35528
6265 142 7431
6276 447 24730
6276 607 33351
5596 171 4874
5937 378 1247
6261 42 1898
6262 228 11087
6263 356 17566
6263 441 21648
5589 99 2743
6262 99 4854
6275 60 3649
6258 22 1358
6261 94 4269
6264 147 7922
6264 772 45319
6283 11 561
6263 207 10014
6263 532 26321
6263 532 26325
6264 279 16075
6264 669 39481
6274 94 5180
6276 560 30898
5592 70 1877
6263 4 147
6263 128 6499
6263 128 6501
6263 357 17626
6264 215 12207
6264 215 12230
6264 452 26658
6274 196 11390
5596 120 3440
6258 133 6684
6261 102 4627
6263 191 9212
6263 191 9222
6263 191 9226
6263 340 16776
6264 20 877
6264 193 10813
5596 54 1587
6259 404 19052
6261 195 8940
6263 60 3076
6263 717 35318
6264 831 48770
6276 710 39200
5587 49 1280
6259 455 21436
6263 728 35868
6264 535 31626
6265 20 1207
6276 173 9753
6259 104 4862
6259 104 4865
6262 26 1240
6263 201 9726
6263 201 9731
6263 550 27266
6276 375 20674
6262 139 6786
6264 498 29333
6275 40 2504
6276 330 18196
6277 101 5195
6261 11 458
6261 159 7312
6265 139 7280
6276 564 31100
6258 32 1844
6259 480 22639
6264 128 6651
6273 50 2563
6258 147 7290
6260 110 5623
6262 2 72
6263 271 13240
6263 538 26668
6264 722 42292
6274 13 751
6276 717 39502
5795 18 132
6264 883 52001
6264 921 54164
6263 107 5432
6261 120 5474
6263 66 3366
6276 562 30985
6283 14 744
6261 69 3149
6263 81 4125
6264 489 28821
6274 202 11721
6276 427 23589
