6258 74 3856
6259 375 17713
6260 28 1624
6262 215 10458
6263 69 3521
6263 69 3524
6264 31 1422
6264 31 1429
6264 593 34874
6264 593 34912
6276 670 36998
5591 129 3524
5605 360 2224
5799 177 1235
6261 351 16218
6261 351 16219
6262 195 9478
6262 226 11010
6264 711 41656
6276 99 5611
5565 122 3424
6265 7 381
5594 72 1997
6263 79 4027
6263 256 12456
6264 75 3620
6264 377 22027
6264 377 22028
6264 701 41072
6275 81 4849
6276 363 19993
6259 158 7415
6263 686 33822
6264 704 41250
6273 112 7189
6276 552 30482
6262 19 910
6262 238 11578
6264 806 47310
6264 806 47324
6276 91 5167
6260 21 1292
6261 61 2762
6263 3 107
6263 417 20346
6264 61 2907
6275 179 10643
6277 71 3679
6259 163 7659
6262 98 4790
6263 718 35364
6264 339 19748
6264 926 54484
6274 80 4442
6274 140 7936
6259 69 3238
6259 255 12121
6259 413 19441
6260 138 6921
6275 144 8361
6276 160 9017
6276 196 10955
6258 67 3524
6259 99 4628
6263 13 687
6264 579 34154
6264 579 34156
6264 579 34159
6264 703 41201
6276 673 37157
6258 186 9174
6261 59 2676
6261 62 2806
6262 181 8784
6262 181 8794
6262 181 8796
6263 262 12754
6264 623 36696
6275 75 4535
6263 553 27411
6264 382 22330
6264 483 28512
6276 275 15264
6276 416 22958
6258 81 4176
6259 446 20978
6260 113 5771
6261 193 8857
6263 547 27112
6263 734 36145
6276 397 21883
6276 649 35785
6262 164 7963
6262 164 7966
6263 88 4485
6265 184 10453
6265 218 12614
6259 11 514
6264 476 28076
6264 476 28090
6264 539 31853
6264 901 52925
6258 6 441
6259 271 12878
6259 432 20306
6259 534 25040
6259 534 25053
6261 293 13451
6262 133 6520
6263 401 19612
6264 666 39327
6277 53 2802
6263 518 25560
6263 518 25571
6264 595 35034
6274 180 10358
6275 237 14028
5597 322 8795
6261 65 2957
6261 145 6641
6264 139 7362
6264 139 7365
6264 402 23584
6264 470 27742
6265 153 8160
6276 214 11890
6276 513 28370
5799 156 1069
6264 158 8595
6264 158 8614
6264 600 35325
6273 92 5790
6273 92 5831
6274 127 7162
6276 185 10376
6276 185 10391
5566 92 2486
6263 484 23834
6264 105 5149
6264 616 36230
6264 616 36236
6275 210 12474
5597 298 8123
6263 486 23944
6263 810 39908
6264 426 25064
6264 426 25072
6259 149 6970
6260 168 8323
6274 125 7017
5796 24 161
6261 20 899
6263 16 839
6263 16 840
6263 588 29133
6264 641 37736
6275 243 14368
6260 120 6089
6261 3 99
6261 3 104
6262 208 10145
6264 56 2668
6264 293 16908
6264 293 16922
6264 846 49729
6274 5 312
6261 312 14439
6262 222 10834
6263 182 8745
6276 409 22583
6276 538 29736
6276 538 29741
5799 187 1294
6259 23 1041
6262 115 5596
6264 499 29405
6274 148 8446
6275 26 1680
6262 176 8558
6264 47 2206
6264 254 14583
6264 333 19409
6264 370 21586
6265 1 26
6276 76 4298
6276 284 15763
6258 13 916
6265 21 1275
6261 375 17355
6263 395 19312
6264 210 11876
6264 210 11883
6264 393 23008
6274 30 1748
5583 72 1992
6258 200 9844
6263 689 34008
6264 364 21180
6264 364 21185
6276 418 23077
6276 418 23079
5596 282 7964
6261 158 7272
6264 771 45265
6264 771 45278
6264 833 48912
5565 87 2430
5573 115 3383
6258 123 6217
6264 655 38641
6264 742 43528
6264 777 45638
6273 91 5699
6276 745 41066
6258 144 7140
6262 66 3154
6263 435 21365
6263 435 21368
6263 580 28717
6263 729 35908
6263 729 35918
6264 179 9874
6275 135 7836
6276 728 40040
6259 122 5740
6264 255 14672
6265 46 2828
6274 40 2311
5587 58 1532
6258 77 3968
6274 169 9701
6276 638 35156
5896 220 588
5987 99 423
6262 219 10668
6263 95 4823
6264 912 53605
6264 912 53613
6275 105 6116
6276 220 12232
6276 704 38928
6262 60 2899
6265 125 6447
6259 58 2721
6259 244 11586
6262 121 5913
6263 796 39274
6264 906 53270
6261 180 8284
6263 332 16337
6264 824 48365
6264 894 52523
6264 894 52524
6276 502 27777
6276 744 40992
6276 744 40995
6276 744 41002
6261 167 7681
6262 182 8844
6262 182 8846
6264 447 26357
6264 602 35443
6264 706 41365
6274 22 1272
5583 22 625
6259 436 20501
6260 97 5004
6265 164 8970
6274 74 4081
6276 332 18307
5799 179 1243
6261 161 7409
6262 201 9807
6263 443 21759
6264 667 39371
6264 667 39392
6264 815 47806
6274 161 9257
5573 78 2435
5591 146 3991
5599 13 451
5601 87 2612
6259 267 12670
6261 248 11318
6263 823 40605
6265 180 10143
6259 113 5299
6260 12 853
6276 599 32865
6262 120 5838
6263 781 38555
6264 229 13019
6264 571 33709
6265 176 9833
6276 404 22307
6276 425 23476
6259 494 23299
6263 200 9670
6264 198 11128
6264 646 38054
6273 70 3863
6275 140 8143
6275 184 10906
6276 718 39541
6276 718 39568
6264 268 15393
6273 51 2617
6276 308 17090
6259 100 4682
6274 25 1436
6276 546 30141
6259 513 24203
6261 282 12899
6274 178 10256
6275 168 9981
5586 1 9
5791 4 23
6261 253 11538
6264 840 49350
6264 869 51159
6264 904 53124
6259 521 24521
6261 58 2631
6262 7 317
6264 200 11228
6264 200 11249
6264 759 44588
6264 932 54855
6264 932 54873
6276 615 33848
6277 88 4461
6261 275 12566
6264 604 35528
6265 142 7431
6276 447 24730
6276 607 33351
5596 171 4874
5937 378 1247
6261 42 1898
6262 228 11087
6263 356 17566
6263 441 21648
5589 99 2743
6262 99 4854
6275 60 3649
6258 22 1358
6261 94 4269
6264 147 7922
6264 772 45319
6283 11 561
6263 207 10014
6263 532 26321
6263 532 26325
6264 279 16075
6274 94 5180
6276 560 30898
5592 70 1877
6263 4 147
6263 128 6499
6263 128 6501
6263 357 17626
6264 215 12207
6264 215 12230
6264 452 26658
6274 196 11390
5596 120 3440
6258 133 6684
6261 102 4627
6263 191 9212
6263 191 9222
6263 191 9226
6263 340 16776
6264 20 877
6264 193 10813
5596 54 1587
6259 404 19052
6261 195 8940
6263 60 3076
6263 717 35318
6264 831 48770
6276 710 39200
5587 49 1280
6259 455 21436
6263 728 35868
6265 20 1207
6276 173 9753
6259 104 4862
6259 104 4865
6262 26 1240
6263 201 9726
6263 201 9731
6263 550 27266
6276 375 20674
6262 139 6786
6264 498 29333
6275 40 2504
6276 330 18196
6277 101 5195
6261 11 458
6261 159 7312
6265 139 7280
6276 564 31100
6258 32 1844
6259 480 22639
6264 128 6651
6273 50 2563
6258 147 7290
6260 110 5623
6262 2 72
6263 271 13240
6263 538 26668
6264 722 42292
6274 13 751
6276 717 39502
5795 18 132
6264 883 52001
6264 921 54164
6263 107 5432
6261 120 5474
6263 66 3366
6276 562 30985
6283 14 744
6261 69 3149
6263 81 4125
6264 489 28821
6274 202 11721
6276 427 23589
6276 558 30815
6258 197 9695
6264 458 26977
6264 458 26979
6274 67 3767
6275 161 9446
6275 254 14976
5583 79 2171
6258 211 10393
6259 434 20395
6261 316 14628
6262 100 4909
6276 516 28579
5792 28 261
6258 177 8689
6258 177 8697
6264 665 39259
6264 707 41433
6264 739 43347
6274 170 9789
6276 627 34510
5792 22 224
6258 42 2301
6259 77 3629
6264 741 43466
6274 128 7214
6275 35 2189
6276 620 34108
5594 155 4515
6259 144 6728
6262 198 9659
6264 754 44256
6264 754 44280
6265 209 12055
6275 10 639
6276 125 7066
6276 461 25518
5597 253 6908
6265 50 3039
5799 135 967
6259 482 22739
6260 103 5289
6263 730 35982
6264 528 31194
6264 919 54072
5570 110 3080
5591 77 2024
5601 111 3254
6259 511 24112
6263 334 16469
6264 101 4923
6264 386 22592
6265 14 809
6265 14 833
6273 111 7124
6275 249 14698
6259 132 6190
6259 132 6193
6263 239 11575
6263 406 19880
6264 379 22163
6264 397 23255
6264 537 31728
6264 725 42466
6273 115 7407
6275 262 15398
6276 300 16635
6276 362 19924
5792 30 280
6260 35 1975
6265 159 8562
6273 3 206
6273 3 230
6276 50 2808
6276 50 2810
5586 43 1164
6263 38 1957
6263 38 1963
6263 345 17005
6264 103 5023
6264 459 27037
6264 586 34422
6274 172 9897
6274 185 10664
6276 230 12813
6264 251 14412
6258 21 1318
6261 302 13847
6264 627 36921
6259 312 14810
6263 290 14224
6263 290 14230
6264 174 9516
6264 660 38974
6259 245 11635
6259 393 18548
6261 107 4856
6261 107 4866
6264 545 32211
6264 545 32217
6264 547 32325
6264 547 32328
6264 834 48974
6262 178 8645
6262 207 10079
6262 207 10085
6263 818 40317
6264 77 3725
6264 244 13974
6265 190 10861
6274 77 4242
6275 62 3732
6276 472 26128
6258 79 4076
6263 446 21914
5594 45 1282
6259 64 2981
6259 111 5208
6260 109 5587
6262 36 1732
6264 366 21322
6265 128 6627
6275 142 8270
6276 475 26303
6276 475 26306
6265 162 8817
6275 21 1388
5597 342 9381
5602 9 364
6263 196 9474
6265 163 8912
6276 5 185
5897 54 123
6259 190 8935
6259 428 20132
6264 317 18458
6263 461 22689
6263 461 22696
6264 410 24056
6264 735 43100
6264 735 43110
6273 82 5080
6264 280 16107
6262 239 11623
6276 667 36794
6263 89 4532
6263 469 23097
6263 469 23101
6264 73 3511
6264 161 8783
6264 685 40197
6265 127 6563
6265 127 6569
6265 127 6579
5595 267 8029
5793 54 414
6258 89 4584
6260 126 6363
6261 317 14686
6264 207 11709
6264 651 38390
6264 893 52480
6275 213 12633
6263 17 909
6264 388 22691
6264 844 49599
6264 844 49615
6275 283 16620
6276 722 39782
6261 43 1948
6261 43 1951
6261 54 2465
6261 54 2469
6264 40 1849
6264 65 3102
6264 323 18800
6265 181 10228
6265 181 10238
6275 206 12260
5605 236 1542
6263 750 36976
6275 250 14749
6259 210 9909
6276 514 28439
6264 148 7980
5605 308 1920
6260 62 3312
6260 142 7091
6260 142 7098
6264 391 22868
6264 391 22869
6274 117 6499
6274 117 6507
6276 372 20486
5569 71 1846
6260 27 1577
6260 144 7177
6260 144 7187
6276 492 27243
6260 44 2421
6264 292 16850
6264 510 30109
6264 510 30120
6275 76 4604
6276 614 33781
6264 613 36008
6264 632 37224
6264 632 37227
6264 632 37232
6264 804 47194
6265 32 1965
6275 71 4282
6276 353 19440
6259 165 7736
6259 165 7742
6259 326 15440
6264 60 2842
6264 810 47551
6264 810 47560
6275 282 16564
5897 57 132
6276 605 33240
5573 176 4996
6264 594 34952
6264 594 34973
6260 16 1047
6263 585 28999
6275 189 11251
6276 166 9364
6276 166 9372
6276 200 11151
6276 333 18355
6259 317 15034
6262 171 8303
6263 766 37768
6276 162 9153
6276 490 27128
6276 542 29949
5594 87 2381
5594 265 7541
6265 124 6406
6265 124 6407
6265 124 6409
6275 203 12082
6276 645 35557
6277 1 8
6264 17 739
5592 15 388
6260 159 7885
6260 159 7886
6264 396 23197
6264 396 23200
5600 10 247
6263 398 19462
6264 54 2543
6264 732 42920
6264 797 46807
6259 202 9529
6262 137 6680
6262 137 6691
6274 110 6104
6274 110 6107
6276 582 31966
5881 43 153
6262 57 2749
6262 140 6842
6274 133 7545
6276 37 2079
6276 547 30204
6276 547 30208
6276 587 32264
6264 272 15632
6264 275 15790
6273 64 3441
6273 64 3454
5601 143 4159
6261 340 15713
6261 345 15930
6263 762 37582
6265 135 7019
6265 135 7020
6275 53 3245
6258 143 7092
6260 17 1099
6260 81 4239
6260 81 4244
6261 314 14538
6263 277 13586
6264 281 16185
6258 61 3271
6261 135 6176
6261 135 6184
6262 175 8481
6264 592 34813
6276 201 11227
5596 108 3110
6261 70 3194
6263 759 37445
6259 62 2895
6262 88 4317
6263 280 13712
6263 511 25211
6263 511 25212
6264 710 41589
6265 187 10626
6276 16 818
6277 20 1025
5595 286 8515
5795 25 186
5896 300 800
6263 232 11236
6264 182 10095
6264 188 10542
6264 407 23878
6264 407 23891
6264 448 26414
6277 77 3947
6263 697 34361
6264 385 22547
6265 147 7734
6273 60 3206
6275 24 1537
6264 523 30873
5792 39 355
5799 99 714
6259 160 7506
6263 11 566
6263 11 568
6263 350 17251
5796 5 30
6261 115 5233
6261 115 5240
6264 606 35632
6275 158 9218
6261 124 5681
6277 70 3632
6264 529 31250
6274 45 2619
6259 34 1577
6259 46 2143
6259 356 16814
6261 151 6948
6261 365 16894
6264 299 17322
6273 69 3818
6276 448 24779
6276 448 24790
6276 448 24798
6276 601 33003
6277 87 4423
6277 87 4434
6264 260 14944
6264 353 20527
6275 77 4642
6261 46 2089
5605 128 885
6262 136 6642
6263 278 13626
6264 267 15354
6264 289 16675
6264 700 41002
6264 700 41027
6264 721 42251
6264 755 44334
6275 269 15811
6276 293 16214
6263 215 10399
6263 215 10401
6264 270 15529
6265 29 1768
6273 6 418
6276 107 6032
6258 7 530
6258 173 8516
6264 424 24919
6264 937 55156
6264 937 55163
5605 181 1216
6259 399 18818
6265 23 1412
6259 311 14751
6261 34 1520
6261 34 1525
6261 34 1532
6261 34 1534
6262 138 6731
6263 133 6750
6263 365 18021
6263 632 31199
6263 632 31205
6264 764 44865
6276 604 33184
6277 89 4530
6263 276 13518
6274 106 5872
6276 135 7591
6276 135 7595
5595 60 1893
5597 256 6983
6259 270 12838
6260 43 2375
6265 8 429
6265 182 10285
6263 595 29463
6276 228 12694
6258 141 7003
5570 30 969
6262 69 3313
6263 430 21119
6263 544 26959
6263 544 26963
6263 545 27029
6264 748 43862
6276 653 36013
6258 116 5845
6259 359 16923
6263 757 37326
6263 757 37329
6263 757 37335
6264 29 1322
6264 695 40695
6276 405 22364
5595 209 6466
6261 296 13609
6264 283 16312
6264 283 16315
6264 311 18063
6265 5 252
6265 5 264
6273 102 6709
6273 102 6722
6273 102 6741
6276 383 21075
6276 411 22663
6276 703 38858
6261 310 14295
6263 214 10340
6263 224 10846
6264 117 5937
6264 288 16639
6275 182 10798
5569 39 1000
6263 250 12141
6263 250 12143
6264 71 3428
5568 6 152
6259 151 7069
6265 141 7372
6260 145 7231
6261 10 387
6261 45 2042
6263 429 21054
6273 98 6395
6276 237 13192
5594 65 1805
6258 151 7468
6263 628 31006
6263 628 31008
6264 589 34620
6264 788 46297
6265 210 12132
6274 32 1847
6276 528 29239
6277 22 1137
6259 512 24146
6263 6 310
6263 6 344
6263 362 17868
6274 43 2493
6274 86 4794
6276 186 10445
6258 29 1709
6258 29 1715
6261 55 2509
6263 98 4972
6263 296 14535
6263 296 14538
6263 296 14542
6264 167 9143
6264 306 17736
6264 335 19524
6264 639 37609
6264 639 37635
6264 847 49789
6264 847 49796
6264 875 51513
6265 119 6126
6261 298 13694
6276 555 30658
6277 95 4849
5586 42 1129
5792 37 331
6273 78 4663
6273 78 4719
6275 19 1268
6276 294 16296
6262 185 9003
6262 185 9004
6263 284 13886
6263 284 13887
6263 798 39346
6264 453 26734
6265 227 13158
6277 16 772
6277 16 777
6277 29 1517
6277 29 1520
5937 192 621
6263 364 17987
6263 514 25352
6263 514 25358
6264 640 37686
6276 142 8018
6276 437 24177
6276 644 35479
6263 75 3824
6263 272 13294
6263 611 30256
6263 611 30258
6264 132 6945
6264 406 23809
6275 66 4000
6276 493 27305
5595 156 4983
6259 169 7917
6259 231 10926
6259 481 22694
6263 46 2366
6263 556 27579
6263 787 38862
6274 107 5928
6276 100 5659
6264 717 42009
6264 900 52859
6265 204 11752
6276 699 38633
6277 42 2208
5896 556 1513
6260 135 6785
6261 335 15464
6264 224 12736
6264 269 15460
6264 269 15461
6264 696 40775
6274 179 10292
5605 415 2512
6263 432 21214
6263 432 21230
6264 66 3181
6274 14 793
6275 70 4211
5795 54 409
6259 443 20844
6262 3 110
6264 920 54107
6275 196 11698
6261 286 13092
6263 116 5901
6264 248 14213
6264 349 20326
6264 349 20331
6264 526 31061
6264 526 31072
6264 625 36794
6274 85 4733
6275 147 8553
6276 12 621
6276 12 625
6263 35 1786
6263 805 39652
6264 855 50318
6275 268 15754
6261 26 1157
6261 216 9883
6261 216 9886
6263 317 15562
6264 455 26830
6264 590 34677
6264 590 34694
6265 45 2744
6275 31 1959
5587 56 1463
6259 45 2098
6259 532 24940
6259 532 24958
6262 108 5274
6263 193 9316
5596 234 6580
6263 515 25400
6264 521 30777
6264 521 30795
6274 155 8842
5573 187 5279
6260 124 6271
6264 431 25384
6259 300 14242
6264 414 24308
6264 414 24323
6265 27 1641
6273 54 2822
6276 584 32077
6276 584 32086
6277 2 73
6277 10 475
6277 62 3253
6259 22 1003
6259 228 10779
6259 228 10785
6261 63 2863
6264 85 4154
6264 645 37996
6274 66 3714
6263 701 34558
6264 84 4097
6264 903 53041
6264 903 53059
6264 903 53077
5594 71 1969
5596 129 3678
5602 60 686
6262 110 5364
6263 786 38803
6264 749 43963
6277 52 2723
5585 89 2439
6262 158 7675
6262 158 7681
6263 102 5190
6263 497 24473
6264 156 8472
6264 433 25542
6265 44 2684
6276 559 30839
6276 559 30853
5585 72 1954
6261 233 10615
5605 20 124
6259 280 13274
6264 276 15882
6264 504 29725
6265 208 12004
5605 186 1246
6263 360 17755
6264 860 50601
6276 364 20063
5795 31 236
5795 31 240
6259 208 9816
6261 303 13887
6264 328 19094
6276 223 12414
6276 336 18518
6276 336 18526
5601 13 543
6259 217 10226
5937 757 2470
6265 214 12384
6276 67 3772
6276 486 26909
5605 384 2359
6264 300 17387
6276 406 22408
6258 53 2826
6263 285 13949
6263 302 14834
6263 337 16611
6264 729 42737
6264 738 43290
6273 80 4921
6275 25 1614
6276 460 25469
6276 630 34680
5596 111 3175
6265 9 481
6265 9 495
6260 117 5958
6262 25 1198
6264 266 15273
6273 57 3021
5595 68 2234
5602 46 603
5605 227 1494
6259 161 7569
6260 52 2803
6263 501 24654
6264 405 23742
6273 96 6204
6276 600 32920
6276 656 36170
5594 147 4303
6260 127 6405
6261 108 4902
6264 55 2599
6264 693 40573
6276 733 40361
6276 733 40374
6259 420 19751
6259 420 19756
6263 59 3040
6263 546 27079
6276 176 9897
5568 12 308
6258 183 9016
6259 332 15710
6259 332 15720
6263 727 35819
6263 727 35828
6263 845 41665
5589 158 4471
6260 7 609
6263 780 38495
5595 159 5072
6259 82 3864
6260 66 3485
6260 66 3494
6263 655 32306
5586 52 1425
6259 452 21309
6263 450 22114
6276 1 8
6276 183 10266
6276 183 10287
6264 506 29840
6264 506 29864
6264 530 31304
6264 530 31318
6264 530 31319
6264 787 46226
6275 170 10147
6276 136 7652
6276 136 7658
6263 678 33427
6263 678 33433
5596 167 4776
6259 509 24003
6263 736 36279
6264 659 38876
6265 222 12881
6274 10 568
6276 642 35371
6261 284 12993
5595 226 6924
5797 3 16
6259 204 9619
6261 144 6593
6264 560 33081
6275 102 5918
6276 204 11391
6276 278 15434
5567 38 1217
6264 543 32104
6265 18 1051
6265 18 1062
6265 18 1064
6265 18 1088
6276 422 23297
6264 477 28166
6264 477 28170
6274 63 3571
6276 52 2901
6276 436 24108
6264 432 25445
6264 432 25457
6264 740 43397
6264 740 43419
6275 36 2262
6276 234 13010
5595 243 7398
6263 536 26566
6263 779 38452
6263 809 39856
6264 98 4784
6261 106 4815
6261 106 4816
6261 288 13178
6262 45 2154
6263 579 28665
6263 675 33288
6264 839 49302
6259 360 16981
6261 5 190
6262 190 9233
6262 190 9243
6274 104 5754
6274 137 7775
6274 137 7777
6264 843 49551
6276 174 9781
5605 258 1666
6262 123 6010
6263 520 25663
6263 520 25665
6264 287 16548
6275 34 2124
6261 232 10584
6261 307 14125
6263 344 16959
6263 344 16970
6263 682 33603
6263 682 33609
6263 790 39003
6264 775 45539
6265 6 310
6265 126 6502
6265 126 6510
6276 747 41138
6263 687 33892
6263 687 33896
6264 23 1013
6264 551 32584
5799 53 402
6259 129 6041
6261 236 10772
6262 118 5750
6263 783 38643
6263 783 38653
6264 728 42652
6276 203 11338
6264 415 24372
6264 652 38445
6265 59 3555
6276 143 8075
6276 544 30049
5596 224 6308
6261 213 9767
6262 38 1821
6262 245 11882
6263 259 12609
6263 442 21707
6263 442 21709
6263 826 40744
6273 5 362
5582 39 1078
6263 266 12949
6263 606 29998
6264 197 11055
6264 828 48609
6275 261 15350
6275 261 15365
6265 113 5723
6265 198 11369
5793 28 217
6261 194 8898
6263 427 20962
6273 46 2293
5596 158 4544
5793 1 6
5799 96 693
6265 12 675
6265 170 9416
5587 82 2209
5597 306 8340
6261 354 16349
6263 721 35513
6264 144 7729
6265 165 9053
6275 136 7880
6276 410 22632
5596 284 8024
6260 170 8405
6261 260 11861
6261 260 11866
6262 42 2003
6262 42 2013
6264 795 46672
6264 868 51097
6275 101 5880
6276 60 3389
6263 338 16668
6259 260 12350
6259 423 19903
6260 57 3044
6261 349 16109
6265 199 11432
6274 98 5420
6276 245 13654
6276 335 18474
6261 82 3710
6261 82 3711
6263 41 2097
6263 506 24920
6276 428 23639
6263 833 41067
6263 833 41071
6264 228 12973
6264 785 46107
6275 67 4041
6276 130 7348
6276 523 28955
6277 68 3514
5897 52 119
6259 368 17370
6263 559 27708
6264 518 30619
6274 183 10545
6275 139 8082
6276 213 11828
6264 282 16253
6264 360 20946
6275 109 6342
6276 269 14971
6276 611 33590
5596 163 4680
6258 184 9074
6259 54 2524
6260 154 7647
6264 181 10047
6264 181 10053
6264 181 10054
6276 181 10152
6276 181 10161
6274 7 427
6276 719 39597
6276 719 39598
6276 719 39600
6262 247 11988
6263 711 35034
6264 648 38183
6264 899 52808
6274 37 2127
6274 112 6244
6259 272 12922
6263 221 10713
6264 173 9451
6264 344 20008
6264 702 41126
6275 286 16803
6276 349 19236
5594 126 3674
6258 167 8220
6259 194 9153
6261 295 13558
6265 26 1578
6265 26 1586
6265 26 1591
6276 219 12174
6261 48 2177
6263 134 6786
6263 723 35624
6264 352 20459
6264 352 20474
6265 43 2627
5889 55 185
6262 105 5138
6263 248 12021
6264 658 38817
6264 850 49992
6261 175 8060
6263 90 4586
6263 423 20767
6264 684 40128
6276 218 12129
6276 482 26678
5582 59 1618
5597 160 4372
6259 456 21495
6263 622 30755
6258 213 10510
6259 214 10089
6264 178 9794
6264 178 9821
6264 514 30364
6265 172 9547
6276 572 31483
6276 572 31486
6264 298 17245
6264 307 17826
6275 186 11056
5566 70 1902
6263 522 25777
6263 608 30129
6263 806 39715
6264 49 2305
6264 811 47595
6264 811 47604
6264 203 11450
6264 203 11454
6265 154 8204
6275 265 15590
6259 466 21984
6275 22 1423
5586 59 1600
5586 59 1601
6261 47 2133
6265 53 3201
6276 374 20632
5605 268 1724
6258 24 1478
6264 881 51873
6274 213 12305
6261 202 9242
6263 18 956
6264 832 48853
6274 3 216
6274 206 11941
6276 471 26083
6258 46 2471
6258 46 2472
6258 46 2485
6260 42 2315
6262 44 2120
6263 44 2270
6264 180 9960
6264 532 31449
6265 56 3353
6276 441 24388
5601 146 4255
6258 16 1078
6275 223 13213
5566 55 1496
6261 276 12605
6261 276 12610
6263 219 10596
6263 705 34769
6264 346 20135
6264 617 36323
6264 914 53728
6276 432 23899
6276 563 31028
6262 220 10707
6263 36 1854
6263 342 16865
6263 342 16876
6273 7 467
6273 7 485
6260 26 1523
6263 642 31686
6274 39 2245
6275 275 16171
6259 330 15622
6259 496 23398
6263 475 23391
6264 104 5081
6264 296 17110
6264 296 17111
5573 225 6330
6262 11 519
6264 223 12672
6259 215 10132
6261 25 1111
6261 25 1115
6263 279 13665
6263 631 31150
6263 769 37930
6264 565 33383
6264 896 52661
6275 1 17
6263 765 37719
6264 656 38689
6259 308 14617
6261 372 17206
6265 235 13599
6275 266 15649
6276 94 5343
6276 360 19819
6259 96 4488
6263 117 5950
6263 117 5963
6264 24 1051
5567 20 696
6259 398 18774
6261 336 15520
6263 48 2477
6264 240 13714
6276 455 25197
6258 131 6590
6258 131 6591
6263 696 34318
6264 443 26126
6262 214 10426
6263 147 7453
6263 772 38076
6275 244 14405
6275 244 14406
6276 140 7894
6276 263 14626
5592 39 1025
5595 31 987
5595 168 5356
5601 20 731
6259 37 1709
6259 37 1723
6261 319 14784
6262 161 7826
6264 261 15012
6264 541 31964
6264 541 31974
6265 30 1837
6274 33 1910
6274 159 9119
6274 159 9120
5605 10 59
6259 142 6645
6263 743 36631
6264 493 29043
6264 493 29056
6276 277 15390
6263 139 7035
6263 421 20677
6264 325 18924
6264 782 45920
6276 480 26555
6276 651 35899
6283 10 519
6258 58 3145
6260 87 4491
6262 8 371
6262 89 4375
6276 504 27902
6276 672 37098
6276 672 37109
6264 820 48122
6274 24 1396
6276 320 17721
6276 320 17728
6260 47 2560
6276 235 13078
6276 352 19384
6264 119 6059
6264 119 6063
6259 65 3019
6263 335 16508
6264 480 28330
6264 813 47720
6265 16 921
6258 105 5337
6263 333 16390
6263 333 16391
6263 667 32874
6276 633 34854
6259 107 5036
6259 350 16556
6261 93 4231
6264 501 29523
6259 266 12628
6264 557 32888
6273 67 3668
6273 67 3680
