8313 29 1796
8562 168 7776
8596 412 37917
8603 66 3096
8613 27 2029
8652 313 24376
8658 352 27266
8686 145 14973
8686 430 45151
8725 71 9402
8740 346 34800
9473 250 21507
9474 470 40068
9474 470 40080
9476 44 4182
9476 44 4200
9517 211 17977
9517 211 17997
9517 211 18004
9788 261 22956
8561 114 3562
8591 296 28878
8596 193 17931
8607 85 7678
8630 28 1780
8630 28 1791
8638 217 22921
8638 217 22930
8650 37 4541
8679 71 6127
8682 102 7686
8684 387 42051
8723 171 24496
8723 171 24504
8743 35 4157
9448 107 9882
9448 107 9896
9449 27 2408
9452 102 9744
9477 9 1279
9481 201 15338
9486 30 2664
9532 55 3497
9544 381 29060
9553 17 1192
9555 131 9734
9562 53 4223
9762 212 20010
8632 94 7882
8681 42 5177
8743 458 45757
9452 65 6076
9452 65 6081
9452 65 6082
9513 170 16761
9513 170 16796
9535 400 27994
9542 6 361
9544 344 26806
9788 142 11776
8561 184 5899
8561 184 5904
8563 91 4641
8590 46 4281
8596 250 23224
8599 47 4524
8606 251 23523
8606 251 23527
8638 273 29195
8638 286 30496
8652 408 31496
8723 106 15581
8738 176 17815
8739 206 19687
8743 387 38658
9437 3 396
9448 309 28143
9481 40 3037
9488 205 16383
9488 321 25377
9488 321 25385
9488 321 25392
9518 27 2446
9535 81 5648
9535 81 5649
9535 81 5657
9535 104 7204
9542 219 14910
9564 35 3188
9788 136 11167
9788 136 11195
9788 136 11207
8557 141 6608
8559 18 760
8560 64 2714
8560 64 2725
8591 1 35
8648 75 6203
8648 75 6206
8678 230 10967
8681 307 25358
8681 307 25367
8681 307 25383
8686 286 29769
8739 320 30950
8744 33 3244
9480 265 21057
9480 389 29972
9480 389 29973
9495 247 17342
9540 61 3881
9564 326 23462
9780 61 9379
8563 285 14021
8632 139 11848
8672 2 191
8679 2 145
8679 230 19017
8679 306 26029
8684 81 9602
8758 138 13502
8758 307 33779
8758 307 33797
9447 99 9022
9447 99 9053
9473 89 7429
9473 89 7443
9481 76 5351
9486 172 13107
9491 70 4887
9512 108 11514
9512 112 11930
9533 59 4224
9546 17 1009
9546 17 1025
9559 75 6314
9559 75 6321
9786 44 4055
9786 44 4079
9786 44 4085
8439 65 4453
8658 315 24523
8660 9 814
8667 44 3221
8679 78 6673
8685 160 16642
8722 19 2513
8722 19 2532
8722 19 2549
8723 166 23828
8758 91 8940
8758 91 8945
9448 231 20956
9448 231 20972
9474 312 26515
9482 3 207
9485 87 6374
9486 133 10047
9486 133 10052
9486 133 10073
9488 182 14627
9492 28 2056
9492 28 2097
9493 233 17524
9498 87 5638
9498 87 5647
9506 71 7179
9511 52 4410
9511 52 4414
9517 331 28186
9532 32 1895
9533 28 1955
9536 117 7748
9536 117 7761
9554 264 17944
9555 110 8130
9569 16 1190
9788 182 15797
8319 146 7662
8319 146 7690
8560 124 5202
8563 159 7875
8590 149 14107
8630 25 1584
8630 25 1588
8658 38 3325
8658 135 11167
8658 135 11171
8686 323 33590
8689 69 6212
8689 225 20770
8689 232 21422
8689 232 21432
8724 103 14313
8737 78 7941
8737 85 8676
9436 148 15053
9436 148 15101
9447 93 8460
9449 169 16362
9449 169 16372
9449 169 16379
9449 169 16393
9473 622 52759
9481 379 30526
9485 36 2920
9486 191 14460
9486 191 14471
9486 191 14472
9491 394 26228
9493 93 6940
9509 286 27330
9509 286 27341
9509 286 27354
9509 431 41785
9509 431 41797
9551 332 21944
9552 18 1298
9566 232 18993
9762 73 8185
9762 73 8217
9762 350 31551
8557 162 7554
8586 65 4220
8596 426 39265
8605 327 29526
8678 132 6596
8681 185 15699
8682 177 14138
8684 365 39739
8737 34 3364
8738 142 14392
8744 276 27358
9448 182 16479
9451 11 951
9474 399 34101
9480 130 9562
9480 130 9585
9491 29 2070
9491 29 2078
9498 408 31080
9498 408 31110
9554 153 10671
9564 105 8798
9588 61 5686
9781 115 18898
9781 115 18900
9788 48 3361
9788 48 3368
9788 48 3374
9788 173 14884
8595 99 9218
8605 136 12431
8614 15 1277
8614 15 1279
8658 397 30511
8658 397 30520
8681 201 16752
8681 371 30354
8681 371 30382
8681 371 30384
8722 53 7520
8733 58 6403
8733 58 6420
8733 58 6421
8740 8 689
8740 8 694
8744 170 16702
8744 170 16715
8744 170 16717
8766 125 15562
9473 606 51368
9495 41 3325
9495 41 3366
9509 404 39074
9511 18 1376
9518 11 959
9518 11 969
9533 52 3700
9535 51 3516
9559 100 8439
9788 127 10250
9788 256 22540
8562 35 1419
8563 158 7847
8602 69 6945
8611 52 3556
8611 52 3571
8619 255 17274
8630 52 3487
8648 113 9403
8648 179 15025
8667 313 26195
8672 60 6898
8672 60 6916
8678 438 22664
8682 395 33798
8684 399 43449
8685 230 24072
8685 230 24096
8725 57 7599
8725 57 7600
8725 57 7609
9451 368 32932
9451 368 32954
9473 41 3156
9480 224 17573
9495 262 18445
9495 262 18477
9506 55 5590
9511 38 3141
9517 248 21178
9540 83 5311
9552 63 4672
9788 259 22767
8560 472 18967
8605 380 34165
8608 203 19345
8608 203 19359
8629 34 2544
8638 277 29549
8652 222 17725
8656 77 7013
8656 77 7024
8667 315 26457
8678 93 4985
8679 464 45800
8681 304 25109
8681 304 25126
8684 195 20977
8684 363 39504
8684 363 39537
8723 60 8973
8723 60 9007
8737 39 3895
8744 136 13277
8758 282 30624
9452 288 26634
9452 288 26643
9452 432 40418
9477 62 5890
9477 62 5912
9489 81 5356
9489 81 5357
9498 441 33804
9498 466 35858
9509 311 29700
9509 311 29741
9535 328 22861
9535 328 22867
9535 448 31159
9552 37 2730
9552 37 2734
9552 37 2736
9557 41 3092
9557 41 3096
9563 70 5995
9564 261 17851
9566 45 4134
8677 145 9501
8679 303 25737
8679 324 28358
8682 162 12818
8682 377 31729
8685 237 24832
8733 39 4417
8738 4 656
8740 49 4623
8743 148 15273
8743 299 29947
8743 299 29948
8743 299 29954
8743 316 31662
8744 47 4593
9451 316 28144
9495 421 29371
9495 421 29389
9508 154 15636
9508 197 19897
9509 317 30302
9536 24 1510
9544 52 4424
9569 37 2903
9780 40 6106
8600 68 6909
8608 303 28421
8608 303 28436
8619 229 15322
8648 103 8557
8648 103 8565
8672 169 19455
8672 169 19497
8681 219 18155
8685 4 385
8685 4 403
8689 85 7739
8689 423 38679
8710 89 8549
8723 342 47907
8766 301 37519
9448 330 30133
9451 340 30334
9473 61 4976
9480 144 10748
9480 462 35819
9491 440 29858
9541 59 4242
9553 99 7121
9554 117 8137
9554 117 8143
8560 223 9585
8599 64 6106
8607 70 6375
8630 131 8888
8630 131 8890
8632 2 119
8634 289 17401
8638 336 36073
8648 212 17706
8650 83 8765
8656 254 23446
8682 7 462
8689 11 937
8689 11 975
8689 145 13287
8689 260 23948
8722 49 6957
8722 49 6971
8722 75 10854
8722 75 10874
8722 75 10903
8740 164 15831
8758 36 3440
9473 125 10498
9476 1 35
9480 253 20042
9490 9 538
9497 65 4052
9509 432 41888
9512 115 12278
9513 6 591
9513 6 621
9551 109 6880
9555 21 1535
9555 21 1536
9559 32 2580
9564 314 22377
8294 187 10331
8586 273 23977
8590 217 20791
8638 470 51192
8652 249 19579
8658 358 27706
8658 358 27716
8678 210 10057
8681 168 14601
8684 162 17808
8724 69 9724
8743 317 31752
8744 76 7447
8744 76 7459
9449 36 3299
9473 497 42722
9473 497 42727
9485 25 2117
9485 111 8072
9544 449 33280
9555 62 4546
9559 60 5003
9762 431 38011
9762 431 38033
8559 5 161
8563 101 5099
8595 82 7623
8603 64 2884
8630 135 9145
8630 135 9147
8658 200 16119
8658 200 16124
8675 116 12084
8686 412 43299
8689 168 15561
8689 168 15573
8722 20 2698
8722 42 5898
8722 42 5910
8723 241 34319
8724 86 11912
8724 86 11936
8737 5 418
8744 185 18268
8744 185 18271
8766 31 3970
9447 297 26380
9482 165 14008
9482 165 14051
9498 373 27545
9511 192 17850
9553 1 45
9554 74 5132
9762 240 22519
9788 121 9696
8590 413 40484
8667 176 13242
8679 244 20161
8679 244 20174
8682 183 14643
8682 183 14656
8682 322 26224
8686 304 31510
8686 304 31528
8724 33 4492
8724 33 4495
8739 25 2508
8743 123 12757
8743 334 33442
8758 18 1715
9448 408 37651
9453 99 9295
9474 348 29573
9474 381 32539
9541 16 1360
8312 13 650
8438 307 22991
8557 139 6493
8586 354 31515
8613 94 6987
8619 322 22251
8638 244 25873
8638 244 25876
8679 456 44753
8679 456 44808
8679 456 44810
8681 421 34327
8681 421 34333
8682 450 39914
8684 77 9132
8724 88 12257
8725 29 3752
8725 29 3766
8739 296 28532
8742 83 30
9448 321 29283
9473 569 48238
9493 47 3746
9495 99 7869
9495 296 21129
9495 296 21159
9509 5 447
9535 177 12220
9535 177 12225
9541 17 1410
9544 29 2510
9553 103 7409
9553 103 7421
8586 73 4871
8597 159 14143
8597 159 14171
8607 60 5471
8609 58 4775
8658 452 34537
8658 452 34541
8658 455 34714
8678 110 5744
8684 139 15825
8733 11 1660
8743 165 16909
8758 53 5070
8758 53 5075
8758 75 7274
9436 150 15325
9448 47 4222
9449 217 20819
9480 469 36330
9489 236 15623
9508 87 8934
9508 87 8953
9510 72 5837
9510 72 5839
9511 135 12093
9511 135 12127
9554 212 14312
9788 138 11358
9788 138 11382
9788 138 11399
8320 247 14628
8557 294 13080
8562 191 8819
8562 191 8844
8562 216 10010
8586 277 24404
8586 476 42500
8597 160 14264
8605 196 17794
8617 38 2771
8634 297 18154
8638 141 14337
8638 141 14348
8639 39 4419
8648 275 23231
8652 256 20107
8667 40 2877
8675 282 31588
8681 184 15649
8681 364 29762
8681 364 29801
8681 364 29806
8681 364 29810
8685 224 23393
8686 171 17587
8724 46 6395
8724 46 6421
8725 76 10053
8758 327 36236
9486 165 12572
9517 78 6764
9564 388 28902
9566 230 18870
8320 145 8861
8590 122 11448
8590 122 11465
8591 100 9689
8596 94 8732
8596 224 20814
8596 224 20819
8601 163 15620
8608 69 6575
8613 36 2697
8679 364 33456
8684 270 29321
8686 325 33802
8724 154 21582
8733 66 7255
8737 117 12064
9447 323 28604
9447 323 28626
9488 136 11109
9488 320 25290
9488 320 25292
9488 320 25320
9495 239 16698
9517 154 13228
9533 23 1603
9535 139 9577
9553 62 4424
9555 10 824
9555 10 826
9782 39 5828
9788 220 19548
9788 220 19571
8586 343 30434
8607 25 2365
8614 70 5079
8723 120 17573
8725 21 2564
9473 575 48756
9473 575 48761
9483 24 1506
9484 50 3349
9513 190 18277
9517 58 5044
9544 169 14868
9544 169 14897
9554 69 4792
9559 108 9159
9566 8 680
9781 58 9909
9781 58 9926
9786 3 377
8596 430 39655
8599 52 5022
8605 107 9890
8605 361 32506
8658 426 32856
8678 177 8629
8679 188 15189
8679 188 15240
8684 237 25584
8738 212 21439
8740 128 12429
8740 239 23510
8740 239 23521
8740 239 23530
8758 255 27131
8758 255 27139
9436 104 10170
9474 473 40356
9476 69 6589
9481 237 18360
9483 20 1232
9483 20 1256
9491 197 12966
9491 219 14385
9511 98 8587
9513 60 6069
9513 60 6070
9513 60 6080
9535 246 17118
9552 53 3882
9554 51 3531
9554 51 3568
9762 233 21900
9762 233 21905
9762 233 21918
8484 351 12584
8560 257 11210
8561 106 3284
8609 62 4965
8613 106 7939
8629 23 1652
8675 236 26932
8678 121 6135
8679 144 11569
8682 30 2397
8682 254 20753
8682 254 20793
8682 470 42140
8684 392 42638
8684 392 42668
8684 392 42669
8686 218 22634
8725 26 3319
9448 189 17138
9448 204 18579
9448 204 18581
9448 204 18593
9449 234 22385
9452 439 41046
9452 439 41068
9473 295 25488
9473 295 25507
9489 177 11853
9493 101 7543
9509 122 10793
9509 122 10810
9542 315 21941
9544 316 24982
9551 182 11447
9552 43 3136
9552 43 3153
9564 325 23338
9564 380 28168
9564 380 28191
8605 209 18962
8606 234 21936
8658 435 33491
8672 149 17079
8682 337 27623
8689 16 1400
8723 115 16891
8723 115 16911
8738 112 11463
8740 168 16236
8740 168 16246
9436 152 15605
9480 3 287
9480 3 291
9482 180 15333
9488 111 8966
9495 120 9396
9509 334 31929
9511 216 20547
9511 216 20551
9511 216 20585
9517 55 4809
9535 233 16222
9552 50 3670
9563 6 755
9566 89 7944
8441 12 1032
8561 239 7890
8562 31 1263
8608 328 30392
8629 43 3307
8652 424 33534
8678 168 8219
8680 7 876
8689 378 34587
8711 11 1825
8723 34 5102
8723 34 5164
8723 34 5169
8744 235 23271
9452 422 39408
9473 52 4264
9482 203 17218
9482 203 17224
9486 183 13971
9486 183 13975
9493 156 11686
9535 370 25886
9788 150 12557
8509 106 3944
8551 280 9495
8562 273 12704
8562 273 12705
8648 61 4981
8686 440 46231
8686 440 46245
8686 440 46248
8686 475 49679
8711 8 1146
8740 391 39411
9448 424 39116
9448 424 39124
9448 424 39127
9476 40 3830
9480 323 24684
9481 159 11887
9486 48 4027
9486 48 4072
9488 7 513
9488 97 7790
9488 97 7804
9494 1 10
9511 130 11624
9535 452 31428
9546 22 1324
9550 7 626
9762 337 30480
9762 337 30507
9762 468 41289
9762 468 41308
9762 468 41335
9762 468 41336
9783 44 6707
9783 44 6734
8551 197 6812
8561 139 4450
8561 265 8782
8561 265 8786
8591 40 3836
8591 40 3841
8597 272 24423
8656 255 23589
8678 23 2023
8679 81 6931
8679 85 7326
8681 343 27996
8681 343 28003
8682 346 28517
8682 385 32679
8684 3 742
8744 137 13393
9492 89 6880
9492 89 6887
9508 11 1698
9508 11 1705
9508 11 1739
9513 70 7102
9513 70 7120
9513 174 17142
9517 171 14576
9517 171 14610
9517 171 14617
9544 75 6394
9551 310 20295
9554 20 1368
9564 292 20535
9568 16 1032
9788 140 11567
9788 140 11609
8608 117 11205
8615 24 1605
8652 372 28846
8733 6 1111
8744 196 19370
9448 249 22500
9451 389 34807
9482 65 5356
9482 65 5396
9489 95 6415
9491 90 6204
9491 413 27773
9491 413 27783
9491 413 27801
9491 413 27810
9506 14 1283
9535 215 15000
9541 13 1133
9553 56 4007
9780 35 5393
9780 35 5403
9780 35 5404
9788 8 608
9788 8 623
9788 264 23164
8289 282 15019
8613 67 4999
8679 267 22357
8679 267 22362
8724 140 19514
8724 140 19521
8740 353 35498
9448 251 22644
9453 177 16564
9474 360 30607
9474 429 36575
9477 12 1539
9486 267 20877
9495 90 7198
9495 138 10734
9508 206 20778
9509 304 29023
9513 37 3641
9513 37 3670
9515 19 1365
9544 232 19873
9551 147 9197
8590 412 40368
8639 29 3291
8652 353 27545
8667 25 1746
8667 25 1748
8682 146 11309
8682 396 33893
8682 396 33908
8684 168 18307
8684 168 18315
8684 168 18329
8686 106 10925
8739 183 17503
8766 237 29209
9451 308 27418
9453 93 8724
9476 9 828
9488 179 14414
9488 307 24272
9497 4 159
9533 74 5318
9533 74 5324
9535 119 8176
9535 119 8201
9540 185 12484
9540 185 12488
9544 127 11036
9762 356 32008
8596 267 24795
8605 55 5150
8608 135 12977
8638 259 27602
8678 158 7761
8681 315 26041
8681 315 26043
8681 315 26045
8681 315 26068
8684 233 25167
8710 86 8219
9447 304 26944
9448 54 4917
9449 100 9705
9449 219 20980
9449 219 20999
9451 375 33627
9451 461 41413
9451 461 41443
9473 256 22025
9473 333 28809
9480 209 16305
9481 463 37665
9486 257 20082
9510 9 717
9536 85 5566
9540 70 4460
9540 70 4478
9542 294 20526
9542 437 30577
9542 437 30592
9542 437 30600
8412 12 761
8586 286 25215
8586 286 25217
8595 47 4455
8600 92 9124
8606 340 31589
8606 340 31603
8638 299 32065
8656 101 9347
8656 101 9358
8656 211 19422
8678 21 1925
8679 404 38303
8682 15 1156
8682 15 1177
8684 182 19575
8689 224 20635
8689 369 33797
8723 39 5879
9477 87 8010
9480 168 12845
9481 110 7814
9482 124 10496
9482 124 10504
9482 142 12043
9489 52 3165
9536 228 14824
9541 70 4910
9762 13 2288
9782 86 13062
8563 55 2921
8596 172 16046
8596 237 22043
8602 5 781
8602 5 800
8605 212 19219
8613 32 2388
8638 20 2057
8638 20 2061
8648 36 2992
8658 226 18029
8658 226 18043
8675 24 2689
8677 21 1355
8678 141 7025
8678 415 20847
8678 415 20872
8678 415 20876
8679 38 3027
8679 38 3052
8681 113 10540
8681 113 10556
8681 274 22614
8684 21 2823
8684 21 2843
8684 247 26737
8685 34 3541
8686 30 2993
8723 152 22036
8723 152 22050
8724 143 19959
8724 143 19975
8724 143 20022
9449 94 9116
9451 152 13685
9473 364 31047
9473 364 31099
9491 183 12081
9546 35 2081
9546 35 2088
9566 30 2707
9566 30 2720
9566 30 2741
9569 31 2378
9762 207 19533
9762 207 19537
9788 195 17129
9788 195 17141
9788 288 25276
9788 288 25282
8591 326 31668
8605 461 41465
8638 4 420
8638 4 470
8638 133 13428
8689 150 13785
8689 150 13789
8689 309 28332
8689 309 28355
9514 203 15727
9542 161 10842
8561 180 5800
8561 180 5806
8611 37 2423
8632 28 2195
8632 28 2224
8632 114 9728
8656 22 1990
8656 22 1994
8658 243 19277
8678 78 4354
8684 84 9921
8684 84 9953
8686 82 8467
8723 212 30139
8723 212 30161
8723 212 30168
8738 166 16787
8740 199 19305
8740 203 19722
8740 203 19740
8766 178 22157
9451 77 7018
9451 403 36119
9451 403 36132
9476 94 8922
9481 17 1280
9481 17 1300
9509 229 21622
9540 30 1907
9544 35 3046
9544 35 3060
9788 130 10563
8608 295 27765
8614 58 4206
8652 269 21097
8652 269 21104
8656 143 13304
8656 143 13328
8667 14 916
8678 268 12759
8685 99 10501
8686 94 9642
8686 94 9685
8724 27 3634
8724 27 3666
8758 396 44509
9448 401 36983
9473 451 38813
9486 213 16386
9488 134 10941
9498 141 8645
9536 64 4158
9536 64 4167
9536 222 14462
8557 300 13338
8586 174 14229
8591 96 9249
8596 311 28815
8607 119 10690
8607 119 10706
8611 56 3888
8611 56 3903
8638 303 32451
8672 70 8019
8672 70 8032
8672 70 8053
8680 29 3728
8680 29 3758
8684 367 39989
8740 293 29210
8740 293 29231
9451 294 26167
9451 294 26176
9451 294 26179
9452 329 30332
9452 329 30339
9474 405 34593
9480 324 24768
9481 49 3749
9481 49 3756
9485 94 6848
9493 1 10
9493 128 9535
9493 128 9550
9493 128 9571
9506 5 409
9506 5 411
9509 392 37911
9513 16 1643
9515 29 2146
9515 29 2148
9535 296 20629
9786 11 1125
8557 107 5067
8580 152 16042
8580 152 16046
8638 184 19158
8667 248 19207
8667 248 19219
8723 69 10288
8723 301 42778
8723 301 42787
9448 352 32326
9448 352 32359
9477 56 5399
9480 375 28722
9481 74 5156
9481 74 5194
9495 390 27522
9495 390 27524
9495 390 27535
9510 71 5727
9513 28 2776
9513 28 2798
9517 312 26554
9564 3 475
9568 35 2298
9588 89 8406
9762 10 1942
9762 10 1944
9762 54 6248
9762 54 6256
9762 54 6263
8586 374 33400
8586 374 33410
8613 153 10673
8634 315 20040
8634 315 20089
8634 315 20111
8639 37 4086
8639 37 4101
8639 37 4122
8639 37 4128
8639 37 4175
8679 65 5620
8681 312 25815
8681 312 25825
8681 312 25835
8681 312 25837
8685 29 2933
8724 9 1059
8724 9 1075
8724 9 1130
8724 9 1131
8724 78 10833
8724 78 10846
8766 58 7408
8766 58 7431
8766 220 27122
9477 39 3841
9477 49 4746
9491 38 2663
9491 38 2685
9498 172 10763
9498 172 10772
9535 357 25010
9535 357 25011
9553 2 102
9562 118 9042
9562 118 9061
8560 234 10123
8597 45 4148
8597 110 9932
8597 110 9944
8600 133 12859
8602 159 15543
8602 159 15556
8607 19 1830
8648 52 4335
8648 52 4370
8650 32 4023
8650 32 4026
8650 32 4058
8650 32 4063
8675 44 4946
8679 259 21428
8682 351 29060
8684 431 47025
8723 231 32826
8723 231 32847
8743 25 3080
8744 58 5668
8758 377 42305
8766 347 43577
9491 188 12393
9493 66 5167
9498 155 9658
9550 33 2231
9554 85 5902
9559 26 2046
9788 147 12263
9788 147 12267
9788 162 13728
9788 162 13757
8411 26 1469
8595 163 14964
8596 444 40878
8600 62 6356
8600 62 6376
8601 145 13876
8602 214 20605
8675 198 22213
8675 198 22250
8675 207 23311
8675 207 23357
8678 206 9888
8681 135 12131
8681 135 12148
8723 298 42380
8723 298 42409
8740 15 1346
8740 362 36412
8740 362 36418
8740 362 36430
8740 371 37398
8758 360 40317
8758 360 40332
9449 69 6688
9474 459 39099
9482 283 22227
9509 411 39807
9514 172 12950
9514 172 12954
9535 369 25820
9544 151 13267
9559 47 3911
8560 237 10252
8590 48 4448
8591 10 821
8619 291 19918
8682 153 11942
8682 153 11945
8682 153 11977
8686 426 44796
8758 276 29861
9447 266 23732
9448 452 41654
9452 10 856
9452 127 11840
9452 127 11846
9474 380 32429
9474 380 32453
9476 54 5175
9476 54 5184
9484 36 2395
9484 92 5377
9535 455 31611
9553 44 3160
9762 50 5830
9762 50 5847
9762 50 5854
9762 50 5856
9788 115 9093
9788 128 10357
9788 128 10371
9788 128 10378
9788 128 10380
9788 128 10381
8557 397 17391
8560 142 5958
8563 73 3774
8563 73 3775
8563 73 3783
8597 157 13966
8597 157 13980
8613 16 1201
8632 68 5468
8634 301 18509
8638 264 28151
8638 264 28157
8639 47 5183
8639 47 5207
8648 233 19344
8648 233 19362
8648 233 19385
8682 155 12135
8684 259 28157
9488 251 19916
9491 9 796
9491 258 17129
9506 9 743
9506 9 773
9535 112 7735
9535 381 26678
9541 2 385
9555 15 1138
9555 15 1145
9555 15 1167
9566 46 4221
9762 268 24881
9762 268 24898
8591 5 340
8591 5 346
8606 56 5441
8613 159 11153
8638 31 3132
8638 31 3166
8667 63 4644
8667 63 4660
8682 330 26902
8684 245 26573
8685 291 30294
8685 291 30300
8689 365 33481
8689 365 33513
8689 365 33518
8723 283 40237
8740 414 41634
8743 424 42367
9448 57 5186
9448 247 22299
9491 22 1609
9510 23 1922
9535 464 32224
9535 478 33089
9544 139 12097
9551 53 3392
9551 53 3398
8557 345 15286
8562 302 14034
8591 250 24426
8596 495 45448
8596 495 45459
8597 186 16468
8602 119 11717
8602 119 11720
8605 387 34732
8629 11 753
8638 72 7069
8638 255 27119
8672 147 16818
8684 39 4782
8689 229 21134
8689 229 21149
8689 277 25468
8740 46 4338
9437 6 788
9437 6 802
9451 116 10415
9481 141 10373
9481 141 10402
9486 240 18635
9491 342 22259
9535 125 8565
9535 125 8585
9551 59 3757
9554 53 3699
8586 345 30654
8595 224 20507
8597 158 14049
8603 166 12479
8648 156 13030
8648 156 13043
8648 156 13070
8648 156 13072
8652 27 2200
8652 294 22937
8678 166 8115
8682 100 7462
8682 100 7504
8682 100 7523
8682 133 10261
8682 133 10301
8723 32 4810
8723 32 4825
8723 32 4846
8724 125 17459
8724 125 17461
8724 125 17467
8739 105 10076
8739 236 22530
8743 253 25412
8743 341 34187
9473 480 41309
9488 287 22700
9495 448 31188
9508 166 16830
9517 150 12923
9551 293 18929
9551 293 18954
9554 3 190
9564 254 17292
9565 25 2518
9788 175 15125
8561 173 5568
8590 349 34239
8591 184 17984
8599 92 8696
8606 212 20076
8608 94 9030
8648 157 13144
8648 157 13148
8667 314 26336
8677 65 4138
8677 200 13402
8677 200 13403
8679 187 15078
8682 474 42541
8684 111 13018
8685 127 13409
8685 223 23341
8722 69 9953
8758 355 39745
8758 355 39763
9453 142 13399
9453 142 13418
9488 348 26822
9495 66 5252
9495 203 13839
9498 368 27062
9508 85 8724
9508 85 8750
9514 174 13093
9553 71 5071
9562 7 793
9762 325 29548
9762 376 33782
9762 376 33795
9782 21 3170
8511 302 10921
8563 258 12628
8563 258 12651
8597 309 27649
8638 52 5218
8638 251 26633
8648 228 18935
8677 47 2875
8679 290 24296
8679 327 28820
8681 281 23273
8681 281 23279
8682 181 14469
8682 454 40339
8682 454 40348
8684 210 22640
8686 141 14493
8722 105 15044
9436 184 20119
9447 351 31101
9451 236 20921
9453 180 16850
9473 174 14650
9476 129 12231
9486 75 5994
9486 181 13794
9493 248 18660
9535 480 33212
9544 41 3577
9554 80 5508
9557 59 4610
9762 104 10960
9762 104 10962
8516 58 4347
8557 416 18207
8586 78 5367
8648 203 16911
8652 125 10306
8652 300 23372
8675 140 15020
8675 392 39153
8675 392 39154
8684 243 26297
8684 243 26355
8684 382 41461
8684 382 41490
8739 352 33961
9448 208 18937
9451 320 28538
9474 118 10000
9474 118 10002
9477 40 3943
9477 40 3953
9481 345 27563
9484 105 6346
9485 150 11111
9489 88 5861
9491 351 22964
9493 35 2819
9508 46 5036
9509 81 6981
9509 81 7004
9556 3 205
9564 285 19920
9564 285 19921
9566 9 779
9762 426 37571
9781 2 1024
9781 2 1070
9782 87 13168
9782 87 13204
9786 30 2801
9786 30 2823
9786 30 2837
9788 258 22685
9788 258 22709
9788 258 22723
8561 149 4763
8590 118 11083
8595 136 12510
8606 162 15420
8619 269 18290
8619 346 24063
8648 166 13888
8650 96 9938
8658 173 14053
8675 104 10917
8675 104 10922
8675 104 10931
8675 259 29782
8682 136 10539
8682 316 25722
8740 86 8436
8743 287 28837
9474 295 25076
9491 97 6673
9512 113 12013
9512 113 12036
9535 223 15540
9564 398 29862
9762 379 34038
9762 379 34069
9777 20 3009
9777 20 3020
8557 351 15546
8597 162 14433
8639 45 4993
8639 45 4999
8648 105 8754
8648 105 8756
8648 105 8757
8650 39 4669
8652 148 12139
8652 148 12149
8678 322 15443
8685 32 3317
8685 71 7464
8758 71 6825
9480 159 12044
9488 56 4429
9491 235 15452
9491 235 15468
9498 469 36136
9509 163 14983
9542 197 13318
9544 44 3832
9544 211 18514
9551 32 2112
9785 12 981
9785 12 1000
8560 184 7846
8560 296 13026
8561 231 7589
8614 14 1199
8629 112 8830
8650 61 6629
8650 61 6639
8650 61 6657
8650 61 6677
8650 64 6936
8658 139 11460
8667 206 15949
8679 431 41647
8682 265 21591
8682 265 21620
8710 102 10009
8724 28 3816
8740 290 28880
8740 290 28889
8740 290 28893
8743 12 1778
8743 12 1782
9447 202 17862
9447 202 17875
9448 201 18308
9451 378 33871
9453 64 5999
9473 613 51954
9488 210 16734
9489 242 16003
9498 329 23199
9498 381 28326
9498 381 28350
9503 246 20994
9542 148 10051
9544 178 15723
9546 31 1845
9555 141 10471
8560 74 3103
8560 74 3113
8608 253 23849
8619 315 21677
8619 315 21695
8619 315 21702
8630 30 1922
8638 356 38320
8675 84 8826
8684 478 52534
8740 361 36338
8758 28 2656
9436 185 20318
9452 145 13492
9498 388 29039
9508 219 22181
9513 33 3270
9517 311 26470
9535 270 18824
9566 50 4574
9762 335 30359
9762 335 30364
8600 85 8452
8629 188 14701
8648 247 20516
8678 138 6889
8679 66 5729
8679 296 25009
8743 53 5939
8758 170 17023
8766 72 9127
8766 72 9150
8766 203 25185
9482 291 22776
9493 103 7696
9495 306 21906
9498 328 23061
9498 328 23088
9508 186 18745
9508 186 18763
9508 186 18792
9517 93 7974
9517 93 7979
9535 257 17894
9542 262 18080
9551 217 13982
9551 217 13985
9554 233 15680
9554 233 15695
9554 233 15710
9762 298 27364
8591 63 6003
8591 63 6009
8596 40 3727
8599 13 1306
8605 225 20432
8605 225 20442
8608 220 20799
8619 328 22675
8639 8 950
8652 380 29380
8652 449 35392
8684 389 42286
8684 389 42329
8686 367 38595
8710 103 10103
8723 190 27170
8723 340 47658
8738 163 16456
8766 280 34676
9453 74 6919
9453 74 6934
9474 71 6233
9474 71 6241
9480 20 1662
9480 473 36669
9484 4 229
9491 137 9264
9495 202 13779
9512 81 8613
9535 225 15672
9544 192 16852
9555 77 5689
9559 124 10452
9788 193 16903
9788 193 16912
8560 387 16469
8563 224 11021
8597 308 27540
8605 51 4778
8605 51 4789
8607 148 13422
8607 148 13424
8675 17 1884
8681 33 4543
8682 159 12513
8682 159 12547
8684 449 49077
8684 449 49079
9451 46 4119
9451 153 13778
9451 153 13783
9451 200 17777
9477 141 12740
9481 29 2148
9481 29 2149
9481 29 2169
9486 162 12370
9488 120 9747
9492 121 9333
9509 50 3833
9509 50 3855
9509 260 24718
9511 46 3867
9517 66 5709
9517 66 5727
9762 436 38481
9787 12 1442
9787 12 1469
8320 80 5106
8590 204 19472
8590 204 19481
8602 125 12266
8606 331 30724
8606 331 30725
8630 216 14699
8630 216 14728
8638 70 6953
8652 95 7564
8656 67 6103
8656 204 18909
8679 429 41386
8679 449 43965
8681 293 24194
8681 293 24204
8682 125 9615
8737 67 6796
8740 279 27718
8758 164 16405
8766 22 2794
8766 22 2802
8766 183 22748
9451 57 5149
9453 33 3033
9482 111 9385
9489 137 9238
9489 137 9242
9495 18 1536
9495 18 1553
9509 182 16842
9509 182 16862
9513 164 16165
9515 30 2238
9515 30 2254
9517 70 6093
9533 37 2625
9762 52 6040
9762 164 15719
9787 10 1268
9787 10 1277
9787 23 2509
9787 23 2514
8294 709 36187
8560 462 18631
8591 103 9988
8606 250 23414
8611 36 2362
8611 36 2367
8611 36 2378
8634 169 11369
8634 169 11388
8638 454 49334
8658 225 17960
8667 224 17362
8678 290 13860
8678 290 13873
8685 292 30430
8686 98 10100
8686 98 10122
8686 98 10136
8686 98 10137
8686 469 49075
8686 469 49088
8743 33 3937
9448 283 25580
9453 161 15191
9484 96 5629
9509 354 33887
9509 354 33928
9555 156 11659
9555 156 11677
9780 36 5569
9781 83 13856
9788 50 3539
9788 50 3546
9788 50 3551
8561 143 4572
8602 74 7431
8658 414 31920
8675 359 36703
8684 107 12566
8723 87 12837
8738 35 3783
8738 319 32249
8743 58 6434
8766 205 25417
9451 256 22641
9451 256 22676
9452 88 8388
9480 275 21869
9483 16 995
9483 16 1001
9486 221 17092
9509 370 35533
9509 370 35566
9518 26 2380
9542 335 23447
9542 335 23475
9762 308 28130
8440 236 16513
8505 68 5001
8560 444 18071
8560 444 18073
8561 18 596
8590 224 21452
8596 272 25222
8606 260 24389
8606 284 26580
8606 284 26589
8608 259 24427
8632 40 3165
8648 194 16190
8648 194 16229
8656 260 24020
8678 170 8313
8681 21 2933
8682 366 30493
8689 360 33050
8689 360 33067
8722 96 13795
8725 7 1013
8726 4 424
8766 118 14695
9436 127 12425
9480 117 8487
9482 76 6363
9482 76 6387
9535 74 5130
9782 24 3642
9788 248 21861
8560 61 2601
8591 153 14920
8603 137 9862
8619 247 16664
8629 56 4336
8630 110 7469
8634 120 6417
8634 120 6469
8648 70 5769
8667 324 27498
8667 324 27526
8672 97 11124
8684 402 43811
8743 49 5575
8766 25 3171
8766 250 30836
8766 283 35040
9448 385 35467
9448 385 35479
9448 385 35492
9448 385 35493
9448 385 35496
9480 373 28583
9485 255 19838
9513 71 7194
9544 240 20359
9554 30 2037
9559 59 4935
9588 69 6462
9788 178 15386
9788 219 19470
9788 219 19475
9788 219 19481
8560 366 15771
8679 313 26907
8723 269 38266
8726 20 2129
8740 234 22976
8743 32 3820
9447 105 9567
9447 105 9574
9448 263 23689
9451 74 6750
9451 74 6760
9488 219 17361
9509 388 37450
9509 388 37473
9535 128 8775
9563 74 6315
9564 320 22870
9564 355 25946
9788 75 5472
9788 75 5485
9788 75 5492
8596 230 21350
8650 109 11184
8682 24 1928
8723 288 40922
8723 288 40937
8766 116 14470
9485 13 1208
9492 52 3965
8586 232 19863
8595 143 13092
8595 143 13105
8632 4 268
8682 304 24713
8724 42 5886
9452 217 20105
9473 491 42206
9473 491 42211
9474 434 37004
9511 165 14940
9511 165 14954
9533 146 10518
9544 400 30289
9544 400 30292
9551 177 11131
9762 429 37886
9762 429 37889
9787 68 6374
9788 230 20488
9788 230 20507
8560 174 7385
8560 174 7388
8560 368 15833
8602 175 17043
8672 98 11199
8672 128 14653
8672 128 14681
8678 75 4223
8682 383 32429
8682 459 40900
8682 459 40940
8686 389 40846
8723 71 10542
9452 116 10969
9491 355 23241
9506 61 6183
9513 41 4066
9513 156 15402
9513 156 15406
9513 156 15409
9535 390 27320
9538 44 3092
9544 181 15932
9551 151 9428
9554 31 2100
9554 31 2128
9762 470 41470
9762 470 41489
9762 470 41491
9762 470 41522
8318 299 15664
8418 134 7763
8552 403 1872
8602 49 5002
8630 147 9903
8638 240 25498
8638 240 25524
8638 240 25542
8648 186 15628
8656 74 6759
8658 369 28441
8667 45 3281
8667 45 3306
8672 65 7426
8672 65 7471
8672 65 7479
8677 197 13199
8689 236 21767
8689 236 21791
8689 256 23569
8740 288 28657
8758 25 2394
9449 105 10205
9451 277 24581
9452 419 39097
9453 75 7030
9453 75 7038
9453 75 7054
9489 91 6088
9489 99 6708
8557 168 7799
8560 169 7144
8562 130 5972
8590 165 15734
8590 165 15735
8629 156 12134
8638 469 51090
8658 403 31035
8682 147 11378
8684 80 9511
8684 381 41398
8684 381 41401
8684 414 45174
8684 414 45184
8685 82 8654
8685 128 13494
8685 128 13530
8689 253 23322
8738 198 20010
8739 120 11476
8743 260 26082
8743 260 26088
8744 37 3622
9437 9 1237
9437 9 1247
9451 54 4836
9452 323 29746
9453 2 476
9453 2 494
9482 318 24683
9491 252 16674
9492 45 3431
9495 436 30356
9514 21 1831
9514 21 1853
9514 21 1858
9535 371 25952
9544 46 4056
9762 420 37049
9762 420 37068
9787 29 3043
8557 420 18403
8561 42 1304
8591 87 8361
8591 87 8379
8600 118 11502
8606 333 30892
8606 333 30910
8638 305 32669
8638 305 32691
8649 7 724
8652 134 11131
8652 155 12697
8678 165 8090
8678 165 8091
8681 404 32966
8685 6 610
8685 45 4706
8685 45 4710
8685 45 4744
8686 448 47010
8689 438 40037
8689 438 40056
9436 97 8961
9447 295 26203
9473 243 20888
9495 148 11526
9498 420 32093
9538 50 3462
9781 18 3511
9788 3 198
8599 93 8773
8599 93 8774
8601 133 12717
8612 25 1941
8679 30 2329
8682 135 10456
8682 329 26798
8684 23 3028
8684 183 19657
8685 247 25861
8689 307 28174
8722 98 14012
8722 98 14046
8722 98 14047
8738 290 29283
9436 133 13198
9452 67 6291
9452 67 6294
9452 67 6308
9473 43 3330
9474 112 9474
9474 436 37164
9485 128 9413
9485 160 11867
9491 201 13262
9491 305 19934
9509 103 8933
9535 340 23740
9544 185 16300
9544 402 30418
9544 402 30428
9762 296 27177
9762 465 41060
8580 75 8144
8591 93 8953
8597 38 3465
8605 277 25188
8605 277 25191
8630 87 5897
8638 210 22089
8638 210 22108
8667 320 27017
8667 320 27018
8667 320 27038
8667 320 27048
8679 299 25347
8679 299 25351
8679 299 25379
8679 370 34131
8679 370 34137
8679 370 34150
8684 18 2442
8686 163 16897
8723 159 22932
8723 159 22960
8723 260 36945
8739 170 16257
8740 149 14356
8740 237 23299
9452 45 4208
9476 149 13827
9476 149 13851
9481 152 11307
9481 152 11331
9495 309 22194
9498 272 17903
9498 272 17914
9533 46 3279
9533 158 11350
9533 158 11366
9533 170 12269
9535 238 16543
9535 238 16572
9544 63 5336
9544 102 8857
9544 102 8865
9555 17 1315
9781 91 15250
9788 1 16
9788 206 18178
9788 206 18200
8302 326 15445
8557 316 13980
8590 304 29612
8591 290 28312
8596 132 12179
8600 28 3133
8617 4 318
8629 172 13421
8634 162 10710
8638 26 2640
8652 43 3470
8652 43 3472
8652 323 25242
8678 275 13131
8685 148 15435
8689 111 10123
8689 111 10143
8722 63 9046
8722 63 9069
9436 80 6176
9473 73 5999
9474 178 15188
9509 324 31007
9513 138 13677
9552 65 4796
9557 55 4287
9569 42 3260
9781 103 16997
9781 103 17005
8560 218 9367
8563 202 10008
8563 202 10032
8614 8 734
8629 141 10976
8638 452 49074
8652 316 24667
8652 462 36425
8652 462 36426
8656 36 3257
8656 36 3304
8678 47 3019
8678 192 9292
8679 235 19307
8681 375 30700
8682 284 23007
8686 170 17486
8686 170 17491
8686 170 17497
8689 424 38781
8689 424 38786
8723 38 5741
8723 85 12564
8723 356 49836
8723 356 49841
8740 57 5521
8740 264 26153
9452 94 8912
9489 113 7779
9509 121 10724
9509 226 21353
9517 330 28108
9517 399 34047
9517 399 34049
9551 21 1468
9554 237 16011
9780 79 12147
8563 211 10413
8563 211 10431
8596 37 3462
8596 37 3468
8603 80 4334
8605 335 30198
8606 157 14881
8606 195 18533
8608 271 25575
8658 444 34063
8667 303 25008
8679 3 196
8679 164 13095
8679 329 29023
8679 329 29060
8684 26 3370
8684 26 3410
8685 69 7193
8725 62 8290
8725 62 8326
9452 326 30041
9452 326 30052
9452 326 30062
9491 46 3245
9517 84 7211
9554 104 7181
9782 75 11394
8298 453 21913
8563 29 1643
8563 326 16011
8595 106 9789
8597 67 6192
8613 82 6070
8613 82 6075
8614 72 5212
8638 186 19357
8638 186 19370
8638 186 19389
8638 213 22405
8652 166 13548
8685 285 29673
8685 285 29693
8723 240 34128
8724 32 4413
8724 150 20982
8725 5 692
8725 5 727
8733 56 6214
8737 56 5680
8737 56 5688
8740 271 26850
9449 118 11469
9449 118 11490
9452 322 29646
9481 33 2508
9485 58 4383
9485 162 12030
9488 3 230
9488 3 252
9762 344 31083
8557 190 8807
8562 108 4894
8586 367 32781
8590 99 9302
8597 49 4565
8619 348 24198
8632 17 1332
8656 63 5755
8672 18 2060
8675 90 9437
8686 421 44222
8723 58 8723
8723 206 29319
8725 46 6048
8739 380 36551
8766 27 3476
9486 218 16803
9486 218 16839
9490 4 215
9491 112 7632
9508 83 8524
9513 97 9833
9535 265 18461
9535 265 18467
9535 426 29691
9535 426 29695
9563 77 6553
9564 242 16264
8606 130 12283
8615 47 3280
8638 416 45131
8656 205 18984
8656 205 18999
8656 205 19022
8656 205 19029
8667 329 28056
8678 364 17337
8686 67 6869
8723 327 45823
8738 125 12730
8743 59 6526
8743 59 6530
8758 374 41978
8766 2 175
9447 74 6791
9448 453 41709
9453 53 4946
9477 152 13741
9488 40 3140
9495 274 19477
9536 113 7467
9542 36 2287
9551 5 498
9762 174 16644
9782 69 10462
8560 298 13110
8563 127 6378
8563 127 6407
8563 127 6417
8586 269 23607
8597 239 21337
8656 156 14555
8675 224 25426
8678 380 18205
8681 422 34435
8684 253 27436
8684 348 37820
8758 182 18234
9452 297 27333
9452 297 27361
9477 31 3127
9477 31 3149
9508 6 1194
9509 269 25603
9532 27 1496
9536 154 10123
9542 441 30862
9762 218 20540
9762 273 25340
8511 293 10558
8590 448 44032
8591 270 26461
8596 165 15353
8638 145 14767
8681 65 7080
8684 359 39114
8726 2 203
8726 2 207
8738 113 11567
9448 97 8935
9448 167 15101
9452 69 6505
9453 197 18354
9480 451 34887
9483 87 5825
9486 163 12454
9486 163 12456
9491 281 18436
9509 443 42838
9509 443 42869
9517 197 16850
9535 59 4087
9535 258 17954
9535 444 30886
9542 31 1955
9542 31 1964
9566 185 15579
9762 11 2006
9762 11 2033
9762 11 2063
9788 20 1685
8561 268 8879
8632 82 6775
8632 82 6816
8658 94 8067
8658 94 8069
8658 94 8074
8675 2 154
8675 159 17418
8682 25 2040
8682 25 2069
8682 480 43226
8682 480 43244
8684 202 21768
8684 373 40606
8686 344 36144
8686 435 45705
8689 68 6058
8689 68 6065
8689 68 6088
8724 3 245
8740 54 5181
8740 54 5185
8740 298 29793
8740 298 29799
8744 169 16615
8744 203 20045
9452 307 28184
9452 307 28200
9452 307 28212
9480 22 1851
9481 52 4001
9491 27 1915
9491 289 19034
9491 289 19047
9514 18 1546
9514 18 1555
9536 65 4228
9536 65 4233
9541 10 914
9552 26 1895
8560 53 2302
8563 302 14895
8563 302 14914
8591 338 32786
8607 106 9508
8634 295 17926
8667 175 13081
8682 262 21406
8682 262 21425
8682 262 21431
8682 262 21432
8684 110 12857
8723 257 36554
8739 2 388
8739 178 17014
8743 232 23351
8743 232 23370
8743 246 24761
8744 260 25809
8766 121 15098
9451 92 8352
9451 92 8364
9481 81 5715
9481 347 27744
9485 90 6574
9491 56 3916
9492 117 9006
9493 192 14385
9493 272 20421
9493 272 20436
9514 184 13907
9515 41 3304
9566 57 5162
9566 153 13260
9781 78 13047
9781 78 13057
9781 78 13070
9781 78 13075
9782 55 8311
8580 64 6970
8590 60 5548
8590 157 14907
8608 281 26494
8629 91 7108
8638 182 18933
8652 178 14459
8652 178 14460
8667 226 17529
8667 291 23668
8675 77 8133
8685 85 8980
8685 155 16249
8737 23 2269
8738 159 16082
8739 26 2597
8739 207 19776
8744 223 22054
9453 176 16440
9495 130 10159
9495 130 10164
9495 224 15475
9495 224 15488
9513 144 14263
9513 144 14272
9542 188 12676
9544 32 2810
9544 32 2813
9762 199 18845
9788 141 11682
9788 141 11700
9788 141 11705
9788 141 11712
9788 141 11713
8393 445 28560
8557 70 3418
8590 41 3830
8590 83 7750
8638 391 42278
8638 391 42320
8672 14 1536
8672 14 1586
8672 51 5877
8684 236 25452
8684 236 25454
8684 236 25477
8684 296 32209
8684 296 32250
8685 144 15025
8685 144 15027
8689 105 9580
8722 67 9658
9436 128 12560
9451 241 21348
9451 269 23828
9453 69 6437
9481 178 13469
9486 153 11717
9493 245 18415
9498 355 25766
9511 205 19350
9511 205 19386
9511 205 19393
9535 404 28265
9544 223 19290
9544 223 19304
9566 13 1180
9566 36 3246
9566 36 3267
9762 367 33019
9780 24 3725
8557 335 14812
8557 385 16883
8561 133 4218
8597 86 7894
8601 117 11204
8606 137 12933
8632 55 4395
8632 72 5853
8632 72 5862
8638 301 32226
8656 257 23760
8658 7 751
8678 22 1962
8679 125 9996
8681 303 25032
8681 303 25034
8681 317 26193
8681 380 31091
8682 416 36110
8682 416 36152
8723 67 10023
8723 67 10059
8766 86 10878
8766 86 10881
8766 223 27473
9448 79 7252
9473 540 45783
9483 4 195
9517 217 18518
9518 30 2773
9518 30 2783
9541 18 1491
9541 27 2108
9552 6 449
8317 381 18377
8557 370 16204
8557 370 16220
8557 370 16224
8562 141 6536
8562 334 15598
8591 116 11308
8596 410 37719
8596 410 37720
8597 51 4775
8597 51 4780
8606 233 21848
8606 293 27354
8617 57 4128
8652 447 35254
8652 447 35263
8679 138 11016
8679 270 22600
8679 270 22609
8681 41 5072
8681 41 5073
8681 125 11459
8723 343 48010
8723 343 48032
8725 53 7049
9447 14 1242
9448 127 11690
9448 127 11723
9473 29 2170
9473 48 3831
9473 374 31956
9508 199 20099
9509 204 19108
9510 22 1824
9564 228 15174
9782 31 4667
9782 31 4705
8557 355 15681
8561 220 7182
8561 220 7189
8562 22 870
8599 34 3314
8602 231 22157
8602 231 22164
8638 256 27274
8656 141 13107
8656 149 13835
8656 149 13841
8656 149 13870
8726 25 2554
8737 161 16502
9480 215 16844
9486 263 20559
9508 73 7532
9508 73 7577
9512 22 2294
9517 202 17267
9551 69 4403
9559 106 8984
9565 14 1570
8560 151 6362
8597 85 7804
8619 362 25331
8638 123 12344
8648 72 5956
8652 245 19303
8658 207 16604
8658 207 16607
8682 74 5407
8689 215 19841
8689 215 19847
8689 402 36813
8743 55 6151
8758 108 10569
8758 210 21598
9449 187 18043
9473 381 32560
9495 354 25329
9509 287 27439
9536 25 1574
9536 174 11432
9536 174 11450
9541 60 4294
9541 60 4299
8563 2 365
8563 2 373
8596 31 2899
8652 319 24884
8658 188 15189
8667 271 21239
8681 57 6479
8684 217 23391
8684 217 23427
8684 433 47263
8766 12 1493
9447 54 4938
9447 312 27621
9449 213 20433
9449 213 20448
9453 6 837
9474 126 10725
9486 235 18245
9486 235 18249
9486 235 18257
9513 90 9154
9517 118 10152
9517 118 10172
9542 174 11716
9542 174 11719
9564 369 27165
9780 38 5786
9786 27 2552
9788 86 6443
8503 378 14404
8561 97 2999
8595 119 10956
8606 34 3375
8606 34 3379
8632 104 8828
8652 369 28638
8656 10 856
8656 10 874
8656 55 4979
8672 140 16036
8672 140 16086
8672 155 17794
8672 155 17799
8677 236 15953
8679 476 47181
8680 9 1079
8680 9 1145
8680 9 1147
8682 222 17762
8682 222 17787
8682 222 17796
8682 239 19541
8682 239 19561
8684 140 15926
8684 140 15949
8744 49 4803
9449 54 5092
9451 223 19788
9452 363 33747
9473 547 46342
9488 178 14317
9488 178 14332
9489 196 13020
9544 266 21920
9762 109 11446
9762 299 27457
9762 408 36312
9762 408 36337
9787 47 4526
9788 17 1416
8563 291 14365
8601 33 3355
8606 248 23230
8613 84 6215
8614 7 670
8638 142 14438
8648 169 14177
8656 147 13665
8658 69 6034
8658 69 6040
8677 224 15113
8684 480 52714
8684 480 52752
8725 72 9493
8725 72 9507
8739 272 26137
8739 272 26151
9448 33 2971
9448 207 18812
9448 207 18814
9452 70 6593
9452 70 6607
9452 70 6623
9473 510 43803
9476 158 14645
9476 158 14679
9481 277 21747
9491 229 15060
9511 95 8327
9511 191 17760
9512 96 10207
9544 391 29712
9783 32 4890
8123 6 190
8557 258 11406
8560 193 8262
8560 461 18619
8561 236 7777
8591 155 15133
8591 238 23243
8601 197 18813
8602 12 1490
8602 168 16387
8602 168 16402
8602 169 16478
8634 286 17014
8634 286 17019
8652 123 10070
8656 118 10911
8679 94 7886
8722 40 5644
8758 151 14992
8758 243 25621
8758 289 31523
9451 71 6452
9452 6 526
9485 158 11712
9486 152 11607
9486 152 11636
9491 55 3830
9492 33 2443
9493 88 6573
9509 102 8822
9542 88 6129
9554 72 4983
9554 72 4989
9762 447 39469
8557 309 13708
8580 15 1704
8597 238 21234
8601 199 18990
8648 165 13795
8658 465 35289
8766 35 4478
8766 35 4498
8766 35 4502
9452 431 40291
9498 103 6610
9780 64 9821
9788 286 25078
8318 422 21809
8679 396 37324
8681 188 15938
8682 353 29291
8684 256 27750
8684 256 27762
8684 256 27765
8685 163 16990
8685 284 29567
8685 284 29619
8686 317 32869
8686 317 32878
8723 258 36673
8723 258 36695
8725 34 4451
9473 413 35280
9473 490 42107
9474 408 34856
9474 408 34865
9476 79 7562
9476 79 7593
9480 15 1269
9481 331 26366
9489 76 4974
9495 477 33040
9509 181 16730
9509 309 29526
9512 109 11598
9535 424 29546
9564 75 6641
9564 272 18810
9565 23 2332
9565 23 2339
9565 23 2350
9762 291 26792
8415 124 7154
8560 284 12509
8586 178 14597
8656 25 2232
8660 6 565
8675 197 22145
8675 440 42571
8685 97 10273
8686 142 14625
8686 142 14683
8689 63 5601
8738 206 20830
8739 87 8282
8743 125 12940
8758 110 10774
9436 74 5591
9474 129 10941
9474 189 16107
9476 103 9771
9481 276 21653
9492 54 4126
9492 54 4129
9509 265 25196
9509 265 25219
9535 79 5494
9535 252 17526
9553 52 3717
9564 30 2730
9564 237 15887
9568 6 374
8563 191 9490
8590 425 41710
8596 12 1121
8596 313 29024
8606 52 5026
8629 76 5885
8630 86 5825
8630 86 5846
8630 86 5847
8638 168 17360
8638 168 17389
8675 65 6842
8675 145 15625
8675 145 15630
8675 145 15666
8681 282 23355
8684 345 37470
8686 328 34215
8725 50 6640
8733 12 1748
8733 12 1766
8743 185 18845
8758 229 23904
9473 329 28461
9481 435 35304
9481 435 35332
9488 353 27190
9513 128 12707
9513 128 12716
9532 36 2149
9535 335 23365
9544 470 34589
9781 35 6206
9788 145 12060
8440 158 10836
8560 121 5050
8603 1 38
8608 133 12753
8608 133 12764
8609 40 3497
8639 46 5076
8639 46 5084
8650 38 4581
8650 53 5918
8667 288 23327
8667 288 23330
8679 4 259
8679 4 294
8682 307 25009
8682 307 25025
8738 285 28796
8739 58 5527
9447 56 5134
9447 299 26561
9452 379 35134
9482 89 7436
9482 89 7444
9488 239 18982
9488 239 18992
9493 102 7600
9493 102 7603
9510 103 8709
9788 202 17772
8603 89 5234
8605 131 11950
8608 148 14234
8629 54 4172
8648 95 7882
8648 95 7884
8648 126 10531
8686 24 2395
8686 234 24485
8686 234 24506
8686 271 28106
8686 271 28124
8686 271 28133
8723 201 28598
9447 278 24720
9451 103 9288
9451 103 9319
9486 186 14160
9491 404 27037
9495 101 8036
9498 54 3477
9498 385 28731
9498 385 28744
9509 60 4882
9509 60 4899
9509 97 8304
9509 97 8326
9536 99 6567
9536 164 10784
9554 227 15324
9781 99 16365
9786 50 4613
8563 67 3500
8597 254 22700
8605 191 17335
8629 61 4718
8629 61 4727
8672 37 4265
8675 69 7169
8675 69 7205
8675 69 7216
8679 477 47325
8679 477 47330
8710 144 14398
8724 37 5201
8740 134 12976
8740 134 12991
8744 25 2447
8744 25 2459
8744 124 12115
8744 124 12118
8744 124 12130
8744 138 13481
8744 162 15886
8744 246 24407
9447 22 1963
9447 22 1970
9451 141 12691
9451 383 34239
9473 593 50301
9486 156 11917
9489 201 13338
9489 228 15130
9491 62 4317
9493 299 22393
9509 191 17807
9513 122 12089
9514 142 11090
9514 142 11096
9518 15 1343
9536 213 13896
9536 213 13926
9544 291 23396
9544 291 23413
9762 441 38951
9762 441 38952
9777 12 1748
9782 80 12141
9782 80 12155
9782 80 12163
8562 171 7890
8601 24 2576
8650 57 6308
8675 92 9679
8681 260 21500
8682 45 3578
8684 130 14913
8684 130 14923
8686 91 9357
8686 91 9373
8686 283 29448
8686 283 29471
8686 390 41032
8710 118 11680
8710 118 11689
8723 102 15019
8723 102 15033
8725 78 10336
8725 78 10355
8737 55 5591
8738 133 13488
8738 207 20917
8740 186 18028
8740 186 18031
8740 186 18044
9436 88 7428
9447 235 20798
9481 119 8594
9482 8 577
9482 8 583
9482 312 24256
9495 110 8731
9513 114 11358
9533 124 8893
9544 466 34371
9552 79 5862
9564 78 6950
9777 9 1304
9788 280 24584
8406 184 9860
8590 84 7867
8590 265 25667
8590 463 45564
8638 120 12017
8652 248 19499
8652 248 19510
8652 248 19517
8677 199 13332
8679 110 8844
8679 228 18849
8686 385 40428
8686 385 40444
8726 1 42
8726 1 83
8739 223 21321
9436 125 12153
9436 125 12156
9436 125 12171
9482 321 24900
9503 202 17981
9535 40 2765
9535 430 29942
9535 430 29961
9542 271 18734
9542 271 18766
9544 293 23545
9553 46 3264
9786 10 1017
8551 46 1868
8590 322 31485
8590 322 31487
8601 156 14924
8630 183 12452
8630 183 12471
8639 49 5420
8639 49 5431
8639 49 5469
8675 165 18114
8682 348 28716
8684 340 37077
8684 409 44553
8723 94 13868
8723 94 13889
8723 94 13895
8740 35 3227
9473 276 23839
9482 30 2437
9483 46 3034
9486 31 2740
9493 221 16590
9498 144 8841
9517 37 3207
9517 37 3218
9533 131 9416
9533 131 9434
9535 317 22078
9762 181 17231
8686 399 41975
8710 88 8433
8710 88 8445
8725 64 8604
8766 45 5803
9449 48 4498
9514 175 13171
9514 175 13178
9544 138 12014
9544 138 12035
8557 134 6248
8603 65 2978
8606 126 11911
8632 70 5663
8632 70 5677
8638 144 14671
8638 302 32356
8737 120 12337
8737 120 12339
9448 169 15234
9452 415 38687
9473 262 22557
9473 528 44914
9473 528 44939
9482 304 23679
9482 304 23710
9482 304 23719
9493 108 8053
9517 296 25183
9535 294 20475
9564 287 20092
8562 307 14280
8590 260 25155
8590 260 25158
8606 72 6935
8632 137 11669
8648 209 17416
8658 233 18618
8658 416 32072
8658 416 32076
8681 161 14212
8682 82 6010
8686 134 13781
8686 134 13799
8686 134 13800
8686 178 18247
8689 185 17111
8689 412 37707
8689 412 37709
8689 412 37726
8723 188 26834
8738 339 34266
8740 377 38006
9452 28 2616
9452 259 23974
9473 143 12122
9493 185 13881
9493 315 23614
9495 136 10558
9495 136 10590
9509 393 38022
9552 60 4449
9762 185 17574
8557 54 2711
8560 370 15898
8596 381 35156
8632 135 11520
8638 466 50706
8638 466 50719
8682 264 21537
8684 250 27077
8685 173 18056
8685 173 18091
8685 173 18094
8686 47 4769
8686 47 4786
8686 47 4805
8686 76 7816
8722 30 4166
8725 2 319
8740 394 39718
8744 119 11636
9448 50 4490
9451 369 33027
9453 45 4169
9491 165 11018
9491 470 32204
9509 462 44492
9512 73 7814
9513 110 11014
9513 110 11034
9513 110 11038
9514 27 2300
9514 194 14876
9542 16 1022
9551 57 3634
9551 57 3639
9551 75 4781
9553 156 11160
8605 132 12039
8619 152 9540
8629 207 16221
8629 207 16224
8639 55 6168
8648 131 10929
8648 293 25359
8656 183 17053
8656 183 17063
8684 357 38840
8689 295 27082
8737 46 4624
8737 46 4629
8738 59 6224
8743 69 7411
8743 213 21473
8744 261 25904
9474 213 18007
9491 232 15262
9498 294 19691
9518 12 1083
9536 106 7013
9762 324 29457
8580 18 2039
8586 168 13724
8595 116 10727
8605 374 33635
8619 284 19416
8630 50 3359
8630 167 11350
8681 408 33294
8681 408 33309
8681 424 34561
8723 31 4673
8758 352 39394
9436 89 7553
9436 89 7554
9448 383 35300
9474 122 10347
9474 377 32173
9474 377 32177
9476 45 4309
9476 128 12123
9476 128 12126
9485 205 15620
9485 205 15630
9486 86 6823
9493 68 5312
9495 442 30785
9498 56 3619
9510 2 117
9535 353 24705
9536 36 2298
9536 112 7420
9553 73 5201
9553 73 5205
9553 73 5211
9553 73 5225
9762 189 17975
8580 44 4764
8599 42 4047
8601 204 19475
8602 262 25055
8652 403 31036
8652 403 31042
8672 123 14092
8672 123 14146
8675 73 7648
8679 161 12931
8681 214 17693
9448 68 6193
9448 68 6207
9451 306 27254
9452 400 37237
9453 121 11396
9473 72 5910
9498 64 4165
9498 64 4166
9506 17 1582
9508 217 21974
9536 80 5222
9551 194 12326
9551 194 12337
9762 448 39556
9762 458 40428
9762 458 40439
8557 10 734
8591 315 30668
8648 178 14960
8679 293 24634
8679 293 24638
8682 364 30250
8682 364 30279
8689 205 18869
8689 205 18886
8740 327 32807
8740 327 32809
8744 64 6291
8766 262 32313
9482 299 23333
9483 30 1953
9492 78 6001
9495 351 25112
9495 351 25123
9495 351 25132
9509 382 36856
9514 32 2738
9540 142 9465
9540 142 9491
9542 443 31029
9542 443 31046
9544 183 16110
9588 62 5770
9788 139 11461
9788 139 11480
8597 178 15832
8606 123 11677
8606 123 11679
8614 5 501
8629 176 13741
8629 176 13760
8632 52 4121
8667 143 10409
8679 103 8408
8681 128 11672
8681 128 11699
8684 362 39438
8740 309 30944
9449 131 12741
9474 19 1988
9474 325 27652
9477 132 11935
9480 370 28350
9488 10 783
9488 27 2039
9488 27 2077
9495 44 3567
9503 235 20103
9509 344 32868
9511 225 21545
9535 151 10399
9535 341 23835
9540 143 9547
9544 38 3311
9544 38 3317
8596 400 36859
8600 19 2289
8601 196 18705
8602 201 19454
8658 259 20352
8658 259 20375
8658 459 34955
8679 77 6586
8686 207 21423
8722 65 9309
8758 165 16526
9436 71 5136
9436 71 5151
9451 9 763
9474 25 2484
9493 247 18554
9498 269 17658
9506 20 1829
9554 134 9294
9564 94 8022
9564 94 8036
9564 273 18914
9564 273 18927
8560 421 17408
8561 2 115
8605 342 30822
8629 190 14869
8629 190 14870
8629 190 14881
8648 41 3466
8652 262 20544
8658 228 18201
8675 355 36396
8678 417 21030
8678 417 21054
8689 55 4843
9451 154 13876
9473 200 16867
9473 566 48017
9480 453 35051
9481 307 24319
9481 328 26082
9481 328 26083
9483 86 5736
9488 145 11819
9489 83 5503
9492 83 6389
9509 218 20546
9509 218 20553
9533 141 10158
9535 281 19552
9536 209 13639
9536 209 13649
9541 112 7712
9564 351 25588
9788 94 7112
8605 69 6459
8608 122 11672
8608 122 11677
8613 105 7865
8630 26 1664
8632 62 4901
8667 339 29209
8667 339 29270
8667 339 29293
8679 462 45610
8681 212 17532
8682 235 19207
8682 471 42210
8682 471 42215
8684 14 1992
8684 14 2015
8684 241 26043
8684 241 26053
8689 17 1512
8723 50 7501
8733 81 8874
8737 141 14436
8744 268 26566
9474 169 14348
9485 69 5131
9488 9 674
9489 112 7703
9489 112 7728
9493 211 15835
9493 211 15854
9495 88 7013
9512 40 4262
9515 57 4731
9533 150 10798
9535 351 24537
9535 351 24539
9544 189 16615
9544 189 16624
9762 72 8059
9762 313 28570
8586 199 16648
8611 11 614
8648 161 13468
8672 178 20535
8672 178 20544
8679 206 16786
8679 206 16796
8679 352 31988
8684 196 21106
8685 147 15385
8689 302 27707
9473 209 17716
9481 38 2914
9481 287 22545
9482 261 20877
9486 91 7226
9488 8 617
9514 1 49
9514 1 83
9517 188 16035
9532 15 618
9562 108 8219
9562 108 8220
8597 267 23966
8603 99 6251
8605 290 26370
8615 48 3329
8634 133 7668
8648 86 7084
8667 330 28177
8667 330 28208
8685 260 27336
9436 169 17927
9436 169 17958
9449 228 21770
9452 429 40091
9488 261 20693
9509 374 35962
9509 374 35967
9517 314 26741
9538 57 3893
9538 57 3905
9762 14 2402
8294 266 14133
8418 29 2317
8563 59 3115
8563 59 3131
8608 76 7243
8629 35 2618
8681 151 13340
8682 445 39333
8682 445 39348
8686 272 28216
8758 103 10093
9473 37 2833
9477 70 6574
9481 10 761
9481 174 13169
9493 33 2649
9495 386 27269
9517 228 19461
9555 34 2465
9788 38 2824
9788 38 2830
8562 71 3226
8562 138 6377
8562 155 7160
8580 88 9480
8580 88 9484
8595 172 15729
8595 172 15730
8595 172 15735
8652 62 5011
8652 62 5032
8652 114 8917
8652 114 8919
8684 254 27580
8685 243 25439
8686 395 41646
8686 478 49947
8723 28 4231
8723 28 4240
8723 28 4241
8739 139 13265
9474 121 10272
9474 453 38582
9481 421 34115
9481 421 34117
9481 421 34119
9493 106 7926
9498 444 34059
9511 188 17436
9511 188 17440
9513 21 2118
9533 51 3620
9542 320 22347
9564 62 5578
9564 257 17530
8629 101 7947
8638 426 46311
8648 271 22766
8650 99 10259
8652 426 33707
8658 23 2157
8658 23 2158
8681 43 5264
8681 43 5279
8681 43 5304
8681 43 5311
8681 186 15807
8682 139 10760
8682 139 10781
8684 204 21984
8685 177 18515
8686 285 29677
8686 285 29705
8689 102 9241
8689 102 9273
8689 321 29393
8731 2 138
8737 76 7728
8740 408 41060
8743 110 11409
8743 110 11418
8744 53 5170
8744 221 21824
8744 221 21851
9451 192 17070
9453 141 13316
9473 212 18020
9473 212 18027
9480 230 18098
9481 412 33360
9482 262 20917
9489 280 18342
9493 193 14496
9495 127 9914
9514 212 16587
9540 24 1531
9542 156 10555
9542 156 10580
9542 156 10588
9551 72 4580
9782 70 10638
9782 70 10664
8586 371 33135
8586 371 33139
8595 114 10528
8595 204 18660
8615 46 3206
8658 263 20652
8685 181 18955
8686 130 13327
8689 40 3594
8723 4 775
8737 49 4945
8743 377 37679
8758 152 15111
8758 152 15123
8758 364 40811
9448 298 27073
9473 238 20412
9517 277 23606
9563 45 3848
8591 66 6304
8638 14 1433
8658 103 8918
8658 103 8927
8684 64 7658
8758 344 38439
8758 344 38447
9451 225 19984
9474 466 39692
9474 466 39716
9482 195 16539
9485 21 1824
9486 268 20958
9508 51 5540
9512 20 2071
9542 99 6862
9542 99 6870
9559 41 3392
9564 291 20449
9788 268 23494
9788 268 23531
9788 295 25853
8586 437 39078
8595 49 4666
8595 97 9049
8619 194 12653
8619 212 14001
8652 280 21894
8667 139 10119
8678 435 22432
8679 160 12810
8679 160 12817
8679 160 12834
8684 304 33089
8684 304 33136
8684 304 33152
8684 354 38474
8684 354 38478
8686 181 18601
8723 230 32699
8724 26 3486
8724 144 20149
8724 144 20167
8733 80 8776
8733 80 8799
9474 128 10869
9474 128 10871
9474 310 26345
9486 8 735
9542 5 277
9542 5 287
9542 383 26985
9554 120 8353
9554 120 8365
9559 87 7355
9562 115 8819
9562 115 8827
8590 136 12805
8597 189 16719
8652 45 3596
8682 2 78
8682 2 139
8684 269 29201
8684 269 29207
8740 255 25245
8740 255 25249
8740 255 25251
8766 155 19460
8766 155 19480
9448 73 6662
9451 318 28335
9451 318 28351
9452 156 14478
9452 346 32063
9452 346 32075
9492 111 8554
9492 111 8579
9493 141 10518
9493 141 10521
9509 331 31596
9512 8 818
9512 8 826
9512 78 8300
9541 83 5830
9541 83 5852
9555 158 11794
9555 158 11803
9555 158 11804
8557 12 824
8557 12 833
8596 251 23338
8597 203 17997
8602 187 18158
8602 187 18172
8608 143 13760
8650 6 1117
8652 414 31996
8652 414 32000
8652 414 32007
8679 446 43528
8681 191 16140
8689 271 24898
8724 83 11510
9447 279 24793
9447 279 24799
9449 10 821
9473 455 39163
9480 399 30779
9480 399 30793
9481 249 19376
9481 291 22895
9489 167 11211
9489 274 17995
9495 333 23944
9510 101 8507
9544 480 35264
9566 131 11894
9780 4 561
9780 4 568
8562 253 11721
8590 453 44555
8599 18 1741
8606 134 12632
8615 22 1444
8619 272 18511
8656 193 17956
8656 193 17970
8658 433 33351
8667 343 29699
8675 120 12526
8675 120 12531
8675 120 12550
8684 35 4341
8710 65 5982
8711 3 524
8737 93 9528
8737 93 9544
8737 126 12955
8744 217 21455
8758 430 48909
9448 468 43157
9481 450 36552
9482 85 7114
9488 118 9579
9491 422 28411
9542 192 12984
9544 401 30338
9566 112 10027
9777 7 1000
8563 255 12514
8598 4 855
8608 330 30565
8617 56 4050
8679 133 10638
8684 427 46567
8684 427 46579
8738 318 32132
8743 179 18249
8758 280 30358
9448 436 40206
9449 80 7761
9451 176 15758
9451 470 42259
9453 73 6831
9481 31 2324
9491 59 4120
9493 218 16361
9493 218 16386
9493 218 16397
9495 27 2267
9495 316 22714
9509 213 20061
9514 140 10923
9514 140 10951
9536 212 13840
9542 17 1080
9762 63 7112
9762 63 7117
8562 330 15396
8590 429 42124
8590 431 42306
8590 431 42313
8590 436 42824
8591 50 4787
8638 202 21150
8658 333 25871
8672 81 9310
8672 81 9326
8672 106 12168
8672 106 12201
8677 68 4340
8685 222 23226
8685 222 23238
8723 265 37671
8723 265 37739
9498 241 15414
9535 462 32090
9541 131 8918
9544 329 25800
9762 30 4050
8557 429 18804
8562 309 14387
8580 61 6617
8590 426 41784
8656 148 13772
8681 82 8602
8682 449 39804
8682 449 39837
8686 280 29096
8686 280 29119
8686 280 29137
8724 91 12666
8739 242 23163
8739 242 23177
8766 336 42019
9473 93 7781
9474 257 21988
9477 170 15224
9481 100 7144
9482 96 8084
9485 173 12941
9485 203 15462
9511 163 14745
9514 67 5619
9535 71 4914
9535 206 14309
9536 142 9402
9564 371 27364
9564 371 27374
9564 371 27375
9780 9 1375
9781 110 18123
9788 164 13948
9788 164 13952
9788 164 13969
8639 54 6087
8639 54 6099
8672 25 2828
8672 77 8855
8672 77 8880
8675 436 42253
8678 361 17214
8678 436 22499
8678 436 22525
8682 197 15711
8682 197 15752
8685 19 1876
8685 19 1915
8685 19 1924
9452 413 38485
9476 117 11188
9488 99 7961
9491 20 1470
9491 343 22322
9491 343 22337
9493 136 10183
9512 99 10506
9541 87 6085
9541 87 6113
9762 424 37426
9782 36 5371
8557 368 16113
8557 368 16118
8557 382 16746
8562 314 14617
8562 314 14632
8590 39 3593
8638 177 18348
8638 177 18366
8648 285 24411
8667 55 4018
8667 55 4027
8672 7 729
8672 7 760
8678 104 5479
8678 247 11733
8679 403 38176
8686 25 2496
8686 25 2509
8686 25 2519
8689 128 11675
8739 16 1677
9480 332 25336
9497 47 2869
9497 47 2873
9509 173 15971
9509 173 15980
9515 15 1027
9557 32 2365
9559 65 5423
9564 10 1063
9566 37 3376
9588 32 2929
9762 74 8282
9788 176 15209
8580 74 8039
8590 134 12614
8590 134 12621
8608 317 29476
8629 78 6023
8630 104 7063
8656 82 7496
8656 82 7549
8656 115 10633
8656 115 10636
8656 115 10638
8672 126 14418
8672 126 14435
8686 176 18062
8686 204 21108
8686 235 24647
8686 357 37549
8686 357 37573
8689 18 1595
8737 124 12759
8737 124 12761
8737 124 12769
8743 301 30142
8758 404 45453
9451 285 25381
9480 432 33379
9482 39 3185
9482 39 3221
9491 60 4171
9493 41 3247
9493 120 8941
9588 53 4912
9780 55 8500
8561 148 4721
8561 148 4736
8586 392 35188
8625 31 2351
8625 31 2356
8638 180 18699
8639 50 5565
8648 139 11603
8648 139 11618
8648 235 19527
8675 4 337
8679 300 25496
8679 443 43136
8679 443 43194
8685 9 1006
8686 438 46008
8686 438 46043
8686 438 46048
8686 438 46055
8739 11 1220
8743 266 26712
9488 152 12338
9509 159 14529
9509 159 14545
9781 97 16083
8318 409 21104
8551 364 12574
8557 232 10565
8557 278 12317
8562 318 14828
8580 62 6745
8629 174 13581
8629 174 13590
8638 67 6666
8652 461 36348
8672 30 3463
8672 180 20725
8672 180 20745
8675 124 13066
8675 190 21229
8675 220 24926
8686 284 29550
8686 284 29566
8686 284 29587
8739 294 28332
8743 230 23168
9436 166 17538
9436 166 17559
9452 227 20982
9474 36 3402
9481 169 12757
9481 169 12767
9481 169 12771
9491 331 21513
9491 331 21520
9491 331 21546
9491 448 30500
9495 96 7635
9495 96 7655
9495 96 7660
9498 378 28020
9509 115 10144
9517 385 32794
9517 385 32801
9544 398 30138
9544 398 30146
9551 162 10145
9554 262 17803
9564 26 2460
9564 26 2462
9564 26 2481
9566 52 4756
9762 404 36122
9782 79 11993
8563 129 6488
8590 241 23171
8605 428 38402
8629 158 12260
8629 158 12293
8652 156 12790
8652 156 12792
8667 10 640
8667 10 661
8681 207 17140
8681 207 17186
8739 116 11110
9451 87 7915
9451 203 18010
9451 203 18015
9452 468 43850
9453 41 3816
9493 260 19547
9493 260 19551
9493 260 19586
9511 16 1182
9517 10 847
9554 64 4473
9783 25 3802
8560 147 6182
8580 95 10290
8590 145 13695
8638 344 37048
8638 349 37578
8656 236 21808
8667 197 14941
8675 428 41622
8675 428 41636
8686 265 27550
8686 265 27572
8733 36 4114
9449 52 4883
9489 246 16266
9495 246 17284
9495 246 17293
9508 92 9420
9508 92 9449
9509 232 21916
9514 201 15553
9551 244 15710
9551 244 15724
9554 129 8950
9566 180 15216
9566 180 15256
9762 47 5535
8608 339 31406
8619 171 10925
8619 171 10946
8648 136 11368
8650 111 11384
8667 146 10642
8685 25 2512
8685 25 2517
8723 123 17962
8723 123 17968
9447 38 3517
9447 140 12321
9448 314 28580
9448 314 28603
9448 407 37545
9474 343 29190
9477 149 13461
9477 149 13469
9482 187 15885
9482 187 15899
9491 93 6414
9503 206 18287
9554 156 10840
9762 102 10769
9788 25 2143
8557 95 4549
8562 99 4414
8562 99 4435
8562 99 4436
8596 119 11008
8656 71 6484
8672 31 3584
8672 31 3585
8689 58 5152
8689 74 6704
8723 202 28751
8758 162 16227
9448 144 13191
9452 131 12230
9453 145 13677
9453 145 13681
9476 131 12409
9481 383 30813
9481 383 30823
9481 414 33512
9483 67 4503
9498 395 29778
9544 243 20506
9544 243 20513
9553 15 1071
9569 7 528
9782 54 8125
9786 25 2352
8560 23 958
8596 451 41483
8596 451 41488
8606 31 3101
8638 474 51661
8638 474 51679
8656 73 6640
8667 281 22488
8675 215 24272
8682 398 34143
9447 342 30217
9447 342 30225
9447 342 30239
9481 45 3400
9493 302 22615
9493 302 22620
9508 183 18497
9508 193 19487
9540 105 6898
9541 121 8290
9781 130 21143
9788 183 15931
8590 458 45067
8596 101 9380
8597 231 20571
8601 218 20812
8601 218 20817
8608 245 23090
8638 208 21879
8648 104 8660
8656 132 12274
8656 132 12309
8675 256 29393
8682 349 28874
8684 163 17905
8685 79 8281
8740 254 25135
8743 160 16448
9447 237 20993
9447 331 29273
9481 158 11821
9481 439 35671
9485 100 7263
9492 86 6643
9498 455 35001
9509 47 3579
9509 339 32415
9513 177 17450
9513 177 17470
9517 86 7343
9532 56 3583
9532 56 3600
9554 114 7921
9788 204 18005
8294 505 26589
8685 209 21879
8685 209 21889
8685 209 21934
9452 138 12849
9489 257 16930
9542 173 11645
9542 173 11650
9544 347 26984
9544 347 26998
9544 387 29448
9554 4 257
8590 407 39881
8596 411 37828
8597 212 18844
8597 217 19301
8603 179 13680
8606 253 23714
8650 68 7312
8650 68 7352
8650 68 7361
8650 68 7364
8672 124 14216
8685 143 14920
8685 143 14926
8725 39 5132
8725 39 5139
9447 264 23536
9451 160 14443
9481 395 31879
9481 395 31885
9481 395 31888
9485 240 18508
9493 179 13383
9511 162 14629
9513 100 10132
9566 2 147
9762 363 32634
9762 363 32638
8591 178 17393
8596 392 36172
8638 226 23955
8656 146 13595
8675 173 19136
8685 254 26664
8686 85 8737
8724 95 13256
8738 187 18959
8758 410 46233
8758 410 46248
9451 270 23948
9452 7 582
9474 78 6783
9474 78 6801
9482 190 16129
9489 230 15257
9491 208 13688
9491 208 13693
9491 208 13699
9491 227 14926
9491 372 24455
9492 12 838
8317 67 3150
8602 167 16300
8608 149 14318
8632 19 1479
8634 294 17829
8634 294 17848
8638 135 13609
8638 135 13616
8638 135 13652
8648 135 11281
8656 259 23969
8658 104 8992
8658 104 9001
8675 400 39687
8679 132 10563
8679 132 10568
8684 379 41120
8684 379 41167
8684 443 48392
8684 452 49417
8686 396 41766
8686 396 41784
8722 86 12403
8743 43 4947
8743 43 4976
9451 12 1062
9473 66 5431
9473 66 5454
9482 75 6271
9491 255 16892
9492 108 8332
9492 108 8340
9511 169 15401
9511 169 15425
9783 34 5205
9788 297 26027
8557 200 9286
8557 472 20655
8563 128 6451
8563 128 6459
8591 48 4626
8606 236 22156
8606 236 22162
8638 56 5566
8638 189 19706
8639 57 6394
8656 61 5577
8658 106 9144
8667 33 2340
8667 33 2356
8678 328 15708
8758 349 39036
9447 10 895
9480 415 32185
9480 415 32219
9492 84 6463
9492 84 6477
9508 88 9039
9512 61 6525
9514 51 4328
9514 51 4351
9517 272 23171
9535 228 15877
9535 228 15894
9535 228 15898
9540 38 2407
9542 234 16013
9550 73 4506
9762 161 15455
9762 161 15480
9786 28 2618
8560 319 14063
8591 292 28495
8596 368 34041
8597 29 2647
8607 11 1118
8613 44 3318
8675 156 16995
8680 35 4425
8680 35 4464
8681 416 33952
8685 15 1433
8685 15 1479
8725 79 10500
8743 22 2775
8743 22 2792
8743 22 2801
8744 237 23467
8744 253 25105
8758 346 38668
9451 115 10351
9451 115 10364
9452 95 8994
9452 95 9035
9481 315 25034
9488 157 12753
9488 249 19732
9488 249 19734
9491 240 15812
9497 24 1403
9508 137 13926
9508 163 16560
9517 151 13015
9542 71 4931
9542 71 4934
8557 188 8719
8563 177 8807
8607 118 10614
8608 137 13176
8614 77 5588
8652 177 14372
8681 157 13865
8681 157 13875
8681 217 17939
8684 460 50327
8686 140 14399
8724 89 12374
8724 89 12376
8740 272 26943
8740 272 26964
8743 97 10113
9453 156 14712
9482 55 4528
9488 292 23101
9488 292 23111
9508 26 3168
9514 6 452
9550 5 505
9564 245 16551
9564 305 21614
9762 222 20885
9762 222 20898
9777 24 3648
8557 185 8584
8586 193 16030
8602 61 6189
8617 52 3751
8617 52 3753
8629 120 9395
8638 325 34915
8638 325 34936
8652 309 24080
8652 309 24114
8678 188 9105
8678 223 10653
8689 377 34523
8738 96 9821
8744 125 12214
8744 125 12218
8758 279 30220
8766 56 7162
9451 440 39437
9451 453 40693
9473 550 46603
9474 44 4061
9482 297 23216
9488 112 9035
9488 112 9047
9488 148 12068
9492 40 3002
9492 40 3028
9492 40 3032
9498 161 10142
9541 64 4537
9781 46 7993
9781 46 7998
9781 46 8016
8560 97 4060
8561 69 2360
8561 69 2384
8634 163 10780
8638 270 28843
8638 270 28851
8638 311 33375
8638 312 33489
8648 259 21537
8648 259 21548
8681 155 13677
8681 155 13686
8681 155 13693
8681 155 13721
8681 319 26396
8681 411 33511
8682 380 32025
8682 380 32062
8682 380 32068
8689 180 16655
8723 72 10732
8738 202 20441
8744 104 10173
9451 480 43261
9452 134 12507
9473 377 32221
9486 118 9257
9492 97 7493
9509 274 26110
9517 137 11913
9535 180 12451
9540 32 2032
9540 32 2049
9544 209 18340
9551 164 10277
9553 55 3910
9562 46 3620
9566 35 3152
9588 21 1958
9788 181 15717
8591 156 15224
8605 197 17897
8678 316 15147
8679 157 12666
8684 326 35558
8723 256 36384
8723 256 36410
8758 52 4968
9452 38 3572
9474 292 24844
9486 284 22192
9486 284 22196
9486 284 22197
9495 75 5988
9495 84 6745
9508 202 20374
